0.056818 116
1.686418 10
0.193524 28
0.182561 16
0.390383 9
0.346987 14
0.480193 17
0.523194 14
0.183142 17
0.174017 5
0.173056 13
0.152614 28
0.205225 13
0.203855 1
0.367773 10
0.194902 28
0.214954 16
0.172345 9
0.214183 14
0.215669 17
0.960374 13
1.133964 17
0.378425 9
0.407018 9
0.716482 12
0.183910 5
0.174072 14
0.142376 16
0.162829 14
0.172899 17
0.164793 5
0.172911 13
0.337930 28
0.173866 13
0.194250 1
0.192817 1
7.304014 1
0.168367 1
0.914310 1
0.185266 1
0.530941 4
0.346477 1
0.144605 1
0.531412 2
0.000362 106
0.432246 5
0.274987 15
0.531207 28
0.397497 16
0.369360 9
0.244273 5
0.195428 13
0.152425 28
0.163699 19
0.399053 8
0.693362 1
0.358069 1
0.378909 5
0.205097 15
0.164378 28
0.325818 16
0.277525 9
0.224939 14
0.185371 17
0.244221 13
0.172826 17
0.174579 9
0.203570 9
0.193414 2
0.256610 12
0.183362 8
0.205611 12
0.214231 6
0.194610 14
0.214369 18
0.183222 64
0.185375 126
0.471561 68
1.701292 2
0.084931 106
4.415703 1
0.173613 1
2.145604 1
2.291221 1
0.214941 1
0.571321 1
0.480981 1
0.173628 2
0.000527 116
1.084905 1
0.111838 1
0.132139 1
0.114091 1
0.163472 1
0.133329 1
0.163073 1
0.890423 1
0.112153 1
0.072993 1
0.489176 2
0.008657 29
0.066533 116
3.239039 1
0.091765 1
0.122133 1
0.194405 2
0.945750 88
0.000236 545
0.022344 116
9.086635 1
0.166595 1
0.312086 1
1.523011 1
0.104091 1
0.224635 1
0.828901 4
0.152375 4
0.573541 1
0.236557 1
0.030613 1
0.275085 1
0.132968 1
0.081875 1
0.438460 2
0.214791 42
0.000206 591
0.013934 116
2.616182 10
0.388783 1
0.163065 1
0.388831 3
0.437163 7
0.565095 3
0.334484 4
0.152967 4
0.509520 4
0.041338 4
0.040674 4
0.042828 4
0.040534 4
0.040920 4
0.040636 4
0.040705 1
0.042401 1
0.039936 1
0.041119 1
0.040612 1
0.041446 1
0.040362 1
0.041138 1
0.030709 1
0.193371 1
0.275123 4
0.153765 4
0.154884 1
0.173606 1
0.962350 1
0.060819 1
0.081593 1
0.112043 1
0.112544 1
0.325921 1
0.071353 1
0.113959 1
0.152978 1
0.560597 2
0.009127 30
0.062518 116
1.680710 10
1.356645 4
0.512634 4
0.040702 4
0.040663 4
0.040128 4
0.041512 4
0.040675 4
0.042795 4
0.040655 4
0.040607 4
0.040772 1
0.040255 1
2.709063 1
0.164813 1
0.176964 1
0.149836 1
0.122299 1
0.124072 1
0.203795 1
4.047776 4
0.510854 4
0.040973 4
0.041565 4
0.041003 4
0.040670 4
0.040655 4
0.040771 1
0.041236 1
0.040069 1
2.191340 10
0.162865 16
0.175060 9
0.162907 14
0.154447 17
0.397790 13
0.440392 17
0.225022 9
0.205765 9
0.408421 12
0.203700 5
0.183263 14
0.419845 16
0.470824 14
0.418585 17
0.328311 5
0.336875 13
0.797535 13
0.958680 1
0.122209 1
0.183869 1
0.082105 1
0.163862 1
0.541504 1
0.153206 1
0.082648 1
0.112088 1
0.093229 1
0.334738 2
0.184061 90
0.000495 2
0.035026 116
6.476655 10
0.205842 28
0.142027 28
0.153610 16
0.195372 9
0.276309 14
0.399300 17
0.296852 13
0.306559 17
0.298172 9
0.305204 9
0.276436 2
0.266810 12
0.234408 8
0.277055 12
0.582128 6
0.336334 14
0.348313 18
0.414497 64
0.302220 141
0.654926 22
0.572674 25
0.235167 68
0.408652 137
0.277072 14
1.287454 18
0.531072 10
0.563986 8
0.571414 12
0.492188 9
0.501018 2
0.489428 12
0.348853 5
0.747965 14
0.478770 16
0.501627 14
0.461079 17
0.489806 5
0.266454 13
0.265008 28
0.338562 28
0.440030 13
7.778201 1
0.081461 1
0.114046 1
0.213728 1
1.861790 1
0.809724 2
0.001837 94
0.000980 191
3.913905 14
1.450068 4
0.152644 4
0.347380 4
0.203745 4
0.206686 4
0.152692 4
0.152910 4
0.152643 4
0.114153 4
0.152735 4
0.602885 1
0.061060 1
0.080737 1
0.186109 1
0.378924 1
0.223877 1
0.122292 1
0.245245 1
0.003078 1
0.383418 1
0.307834 4
0.141963 4
0.165745 1
0.136426 1
0.845344 1
0.100745 1
0.165034 1
0.152327 1
0.716405 4
2.015004 1
0.224734 1
0.287342 1
0.132356 1
0.191873 2
0.056734 72
0.004026 53
0.001426 11
0.011377 45
0.016552 795
18.189291 24
0.005075 69
0.220644 24
0.003073 63
2.378433 25
0.004420 70
0.415818 24
0.003096 63
2.211557 24
0.000188 45
2.658808 28
0.163501 22
0.002040 42
0.130462 28
3.968108 28
0.735979 24
0.002216 304
0.982685 33
0.458236 44
0.520743 78
0.857962 34
0.040586 34
0.134402 34
1.042563 34
0.141753 34
0.440866 44
0.132023 44
0.142478 44
0.071004 34
1.166133 44
0.101929 34
0.091972 34
0.419583 44
0.142846 44
0.071020 34
0.869032 34
0.132971 34
1.512540 44
0.114088 34
3.200635 34
0.142255 34
0.256826 35
0.366237 34
0.134406 34
0.254543 34
0.112742 34
0.307913 34
0.153040 34
0.357220 44
0.132423 44
0.132018 44
0.564353 34
0.131661 34
0.051987 34
2.329163 44
0.144514 44
0.429644 34
0.074786 34
0.346779 34
0.097840 47
0.373173 33
16.623218 33
0.981721 33
3.803054 70
0.430915 70
0.500648 34
0.262625 45
0.649768 101
0.667332 34
0.101861 34
0.265281 34
0.522646 34
0.418872 34
0.112105 34
0.162945 34
0.203831 35
0.306198 34
0.174916 34
0.082726 34
0.192570 34
0.085419 34
0.808104 34
0.084531 47
0.367163 33
2.351940 70
0.153348 70
0.213363 70
0.451238 34
0.774638 46
8.111905 101
7.196305 34
0.235577 34
0.185342 34
0.295241 34
0.199403 34
0.629461 34
0.142562 34
0.183469 35
0.135108 34
5.035619 34
0.082868 47
1.365496 34
0.439486 30
0.580116 36
0.165334 35
0.572342 35
0.153013 36
0.245943 30
0.386939 33
0.188918 49
0.153516 33
0.160590 40
0.153497 33
0.186637 51
0.163243 34
0.223006 44
0.454932 101
1.033678 34
0.106050 34
0.067472 34
0.162501 34
1.258503 34
0.132560 34
0.164423 33
0.755756 43
0.132996 42
0.287922 33
0.570526 43
0.153852 43
0.195728 43
0.125378 43
0.426104 43
0.284143 43
0.174716 43
0.123181 43
0.172559 43
0.623985 54
0.153495 54
0.163012 54
0.223986 54
0.164906 54
0.981383 43
0.162992 43
0.172798 43
0.094040 43
0.172929 43
0.948772 44
0.184255 43
0.132995 43
0.186713 43
0.408893 43
0.183010 43
0.244300 43
0.113084 43
1.184620 54
0.776092 43
0.184524 43
0.106060 43
0.169742 44
0.185661 43
0.071451 43
0.530109 43
0.162771 43
0.144226 43
0.173383 43
0.112084 43
0.122194 43
0.205454 43
4.608999 44
1.113751 33
0.765183 34
0.144587 34
0.141544 33
0.399060 34
0.704005 34
0.479831 44
0.132468 44
0.256266 34
0.193576 34
0.215795 34
0.613402 34
0.153076 34
0.603587 35
0.093811 34
0.162839 34
0.347605 34
0.311428 34
0.093560 47
1.026868 37
0.193016 34
0.142037 34
0.143172 33
2.861600 35
0.122458 34
0.101735 52
0.348484 33
0.236180 34
0.255213 34
0.203160 34
0.092264 33
0.108568 34
0.136321 34
0.162589 35
0.083582 34
0.112290 34
0.142328 34
0.173092 34
0.154146 34
0.091719 34
0.123824 33
0.039968 34
0.143884 34
0.091852 34
1.931490 34
0.336296 43
2.514076 42
0.533536 44
0.686970 42
0.475294 42
0.246770 42
0.776529 42
0.092505 42
0.163145 42
0.085081 42
0.098192 42
0.103458 42
0.325606 43
0.226066 42
0.165437 42
0.948089 33
0.163473 33
0.173434 34
0.134408 33
0.142102 33
0.142953 33
0.134191 33
0.152153 33
0.132893 33
0.419216 51
0.297643 51
0.152241 51
0.399701 51
0.315394 51
0.307424 33
0.164157 34
0.307106 33
0.162769 33
0.152900 35
0.143325 35
0.151494 35
0.154100 35
0.134446 35
0.656928 44
0.095140 62
0.885945 51
0.149995 44
0.224474 44
0.695450 44
0.095779 44
0.098027 44
0.128825 44
0.443611 44
0.991348 35
0.512117 35
0.040117 35
0.041062 35
0.042868 35
0.041065 35
0.040506 35
0.049797 56
0.036777 35
0.040879 35
0.038172 45
0.037857 35
0.040584 35
0.040731 35
0.040776 34
0.041310 33
0.041531 33
0.040321 34
0.040215 33
0.046464 33
0.035519 33
0.040824 33
0.040553 33
0.040795 33
0.040798 33
0.040887 33
0.039984 33
0.041097 34
0.040808 33
0.042611 33
0.041854 33
0.039632 33
0.040743 33
0.040752 33
0.040237 33
0.041591 33
0.040649 33
0.039703 34
0.041691 33
0.040396 33
0.040598 33
0.042916 33
0.040116 33
0.041150 33
0.040455 33
0.040826 33
0.041135 33
0.265390 34
0.326490 33
1.206935 91
0.939270 34
0.943286 55
1.323571 113
0.685698 32
6.491875 34
0.040616 50
0.351599 34
0.112973 47
0.419696 33
1.481026 57
0.102262 57
0.183666 57
0.768110 57
0.094725 58
0.722601 57
0.111726 57
0.226051 57
0.081384 57
1.543841 57
0.224622 57
0.173042 57
0.142347 57
1.473583 68
0.094375 74
0.364919 60
0.214045 60
0.940457 59
0.101900 59
0.555047 59
0.160744 72
0.777369 33
0.768417 66
0.092079 52
0.345838 33
0.207971 128
0.152347 130
0.425181 50
2.058511 33
0.635793 34
0.126949 34
0.086250 34
0.093128 34
0.541791 33
0.225361 34
0.131803 35
0.153119 33
1.360831 42
0.141497 42
0.227684 33
0.150794 43
0.390087 43
0.561108 43
0.785605 54
0.154140 54
0.622696 43
0.203522 43
0.215827 43
0.152793 43
0.602928 43
0.154400 43
0.122154 44
0.254745 43
0.215898 43
0.693508 54
0.132048 54
0.145285 55
0.131987 54
0.142692 54
0.142415 54
0.574075 43
0.142744 43
0.152806 43
0.570507 54
0.132528 43
0.205724 44
0.091368 43
0.358553 43
0.297059 43
0.153832 43
0.153545 43
0.145643 43
0.150880 43
0.387388 54
0.155072 54
0.142158 54
0.723785 43
0.104024 43
0.122115 43
0.203332 43
0.113611 43
0.143255 44
0.081163 43
0.215003 43
0.041498 43
0.468632 54
0.134230 54
0.183277 43
0.204618 43
0.358394 54
0.122236 54
0.061234 43
0.202415 43
0.431452 43
0.111758 43
0.105714 43
0.118482 43
0.095387 43
0.130430 43
0.201532 44
0.125198 43
0.092811 43
0.868805 43
0.039962 43
0.226180 43
0.183450 43
0.204892 43
0.151992 43
0.388810 54
0.592891 33
2.297364 34
0.715039 62
1.900672 119
1.144990 34
0.111866 34
0.093669 34
0.162359 54
1.761963 53
0.779793 151
1.157326 34
0.081446 34
0.132465 34
0.082549 34
0.174748 33
0.336028 34
0.122165 35
0.164208 33
0.795908 42
0.133640 42
0.389164 33
0.733660 43
0.174044 43
0.102003 43
0.144211 43
0.132654 43
0.132394 43
0.195023 43
0.163531 44
0.173043 43
0.205402 43
0.130520 43
0.220721 54
0.118890 54
0.152700 54
0.020301 43
0.204513 43
0.654880 43
0.060615 43
0.091416 43
0.071619 43
0.133509 43
0.124227 43
0.105816 43
0.382654 44
0.174003 43
0.162959 43
0.157476 43
0.160186 43
0.125871 43
0.128592 43
0.148492 43
0.117765 43
0.379098 54
0.142687 54
0.162486 54
0.613995 43
0.114075 43
0.101707 43
0.183212 43
0.051111 44
0.121957 43
0.102638 43
0.285167 54
0.132451 54
0.276370 43
0.163281 43
0.205643 43
0.095299 43
0.221210 43
0.102670 43
0.090991 43
0.122948 43
0.202713 43
0.099525 44
0.147440 43
0.115620 43
0.223028 43
0.183273 43
0.152599 43
0.101844 43
0.348208 33
0.837020 34
1.885494 62
0.876650 51
1.215162 40
0.100533 17
0.000426 35
0.540649 49
0.000521 6
0.223185 1
0.184046 1
0.407353 1
0.397559 15
0.000136 15
0.028220 19
0.002777 62
0.002531 116
0.472123 17
0.195056 31
0.938497 28
0.215226 28
0.213753 16
0.184875 9
0.193327 14
0.193425 17
0.215661 14
0.183224 17
0.152706 5
0.165010 13
0.622783 28
0.358413 28
0.346841 27
0.377931 20
1.070351 1
7.531258 1
0.143360 1
1.602811 1
0.217168 1
0.348558 1
0.631937 1
0.245537 1
0.246439 1
0.142451 1
0.397741 1
0.173410 1
0.121920 1
0.531344 1
0.164544 1
0.337061 1
0.143408 1
0.725708 1
9.114778 1
0.183348 1
0.674966 1
0.233701 1
0.236634 1
0.183236 1
0.736075 1
0.306370 1
0.166800 1
0.059152 1
0.136325 1
0.118019 1
1.573694 1
2.605150 1
0.122219 1
0.154838 1
0.756192 1
0.091621 1
0.583203 1
0.285693 1
0.185614 1
0.146390 1
0.219969 1
0.091519 1
0.123369 1
0.101588 1
0.165052 1
0.674377 2
0.432069 571
0.049578 116
1.841060 45
0.173921 152
0.516336 2
0.051568 72
0.004255 53
0.001409 11
0.010069 45
0.019857 1086
1.738539 24
0.000549 41
0.295438 24
0.001283 41
0.283565 24
0.000851 41
0.194943 24
0.000469 42
0.171825 24
0.000392 41
0.153001 24
0.000491 41
0.131728 24
0.000471 41
0.491083 24
0.000484 41
0.183169 24
0.000446 41
0.223771 24
0.000669 41
0.806701 24
0.000353 41
0.206317 24
0.001047 41
0.171525 24
0.000883 41
0.162490 24
0.000585 41
0.785000 24
0.000804 41
7.298362 24
0.000835 41
0.254696 24
0.000501 41
0.507155 23
0.101631 58
1.010904 22
0.000513 32
0.225698 1
0.275448 1
0.408121 1
0.961622 30
0.031039 19
0.002810 62
0.002533 116
3.729939 17
0.345709 62
1.534802 152
0.731484 2
0.050450 72
0.005219 53
0.000687 11
0.012496 31
0.000305 14
0.014749 1086
0.635102 24
0.000801 41
0.203319 24
0.000419 41
0.409949 24
0.001141 41
0.203637 24
0.000745 41
0.428740 24
0.000674 41
0.233199 24
0.000623 43
0.511964 24
0.000535 46
0.040206 25
0.000668 46
0.040084 25
0.000495 46
0.039990 25
0.000835 46
0.040083 25
0.000762 46
0.039875 25
0.001106 46
0.039079 25
0.000779 46
0.041823 25
0.001086 47
0.039403 25
0.003985 57
0.229628 25
0.006653 46
0.352296 51
0.715790 51
0.388187 25
0.000395 25
0.405510 23
0.000729 94
0.311903 33
0.703297 39
0.377494 42
0.100407 18
0.001091 40
1.182716 56
0.212352 1
0.206825 1
0.286343 1
0.397433 15
0.000230 15
0.008141 19
0.002994 62
0.002439 116
0.419722 17
0.183420 62
0.323378 2
0.672160 183
0.000272 276
0.001741 116
164.091396 120
0.094519 120
0.090083 120
0.086286 120
0.076630 120
0.023987 120
0.222751 120
0.077768 120
0.085712 120
0.086818 120
0.069631 120
0.464625 120
0.121855 120
0.446518 120
0.042215 120
0.387981 120
0.297067 120
0.910469 45
0.399039 152
0.960256 1
0.175053 1
0.163215 1
0.152663 1
0.232089 13
0.152050 13
0.153377 13
0.154680 13
0.142125 13
0.153258 13
0.154610 13
0.142267 13
0.154091 13
0.591598 9
0.450798 9
0.163105 9
0.124226 9
0.346335 9
0.204684 9
0.173032 9
0.613183 13
0.636512 9
0.193284 9
0.338078 9
0.126078 9
0.087302 9
0.716241 13
0.357408 9
2.487583 3
0.183428 3
0.153370 3
0.153432 3
0.419355 1
0.295171 1
0.164983 1
0.152583 1
0.396216 9
0.175588 3
0.195929 3
0.162283 3
0.349894 3
0.729442 2
0.050751 72
0.003967 67
0.012559 27
0.000223 18
0.000887 1977
0.000525 1421
9.378114 27
0.136227 21
0.000574 84
0.089442 30
0.232960 28
0.390067 36
0.163774 36
0.130965 1
1.237919 27
0.164016 28
0.122208 28
0.132512 28
0.194070 28
0.419906 42
0.645393 27
0.182718 28
0.213856 30
0.020429 29
0.461166 38
0.144342 37
0.122368 30
0.050928 29
0.176674 29
0.638754 38
0.398941 29
0.236226 29
0.183310 29
1.116147 29
0.083974 42
1.164705 34
0.144538 42
1.329215 28
0.222460 57
0.152424 40
0.470418 40
0.358358 28
0.345300 38
0.778845 29
0.113761 42
0.379263 28
0.239961 73
0.142320 69
0.142937 69
0.618943 27
0.834434 43
0.584346 29
0.408878 27
0.407242 29
1.635711 32
0.040144 32
0.162796 32
0.124579 32
0.183255 32
0.653687 41
0.164891 32
0.183225 32
0.123651 33
0.593156 42
0.143310 41
0.253985 32
0.257296 59
1.441060 54
0.469071 59
1.882740 32
0.222228 74
1.597047 32
0.142583 32
0.091921 44
0.195302 31
0.468499 31
0.869847 38
0.849830 31
0.704041 31
0.144817 56
0.172814 31
0.336364 32
1.026031 32
0.324020 74
1.157027 32
0.073219 48
0.132668 36
0.201590 32
0.289156 32
0.142114 32
0.542023 41
0.163188 32
0.523981 41
0.194007 50
1.339330 32
0.234008 32
0.601603 32
0.766394 74
1.912987 30
0.746060 32
0.234395 32
0.287040 32
0.122039 32
0.235539 32
0.132508 56
0.203441 31
3.794639 33
0.101853 32
0.136425 32
0.242344 32
0.274710 32
0.164636 32
4.805556 31
0.204289 31
0.154785 31
0.122323 31
0.204255 31
0.498460 48
0.236865 38
0.277197 31
0.174826 31
0.152838 31
0.152797 31
0.143330 31
0.183036 1
1.758471 32
0.086197 45
0.486082 37
0.984058 59
1.934895 62
0.101631 49
0.561986 31
0.269501 97
0.439724 99
0.364164 67
1.052430 63
0.460400 42
0.220171 31
1.849255 32
0.581941 41
1.493537 32
0.152769 32
0.203574 32
0.133970 32
0.551987 41
0.142811 41
0.769213 32
0.081786 52
0.552100 32
0.490651 32
1.032608 33
2.475440 32
3.425345 40
0.439084 32
0.957794 58
0.635632 87
1.484369 32
0.101900 32
0.093848 32
0.935757 57
0.202707 47
0.181375 33
0.317497 31
0.162975 31
0.132275 31
0.766548 42
0.190987 100
0.832331 32
0.157410 57
0.253745 48
0.802520 41
0.165031 41
0.286223 31
0.327427 31
0.264317 39
0.226023 31
0.776960 32
0.204174 32
0.021001 32
0.142452 32
0.192047 32
0.278721 32
0.256404 41
0.142680 41
0.174232 32
0.091576 32
0.759387 33
0.084060 45
0.858521 62
0.102817 49
0.367832 31
0.475357 105
0.449322 109
1.028189 49
4.955799 33
0.101749 33
0.194155 33
0.092323 33
1.064020 33
0.489568 33
1.105063 34
1.595563 33
1.594135 41
4.743962 61
0.833543 47
0.559333 43
0.990984 33
2.382257 33
1.141201 61
0.288032 75
0.509928 30
0.693375 42
0.563175 51
0.275702 42
0.494340 51
0.289372 99
0.598060 51
1.169954 31
0.655390 32
0.105529 32
0.181588 32
0.111869 32
0.428682 41
0.142530 41
0.674293 41
0.205735 41
0.379123 32
0.071479 32
0.171834 32
0.102190 52
0.205983 31
1.164407 31
0.203570 32
0.625583 32
0.347303 41
0.224918 32
0.838554 32
0.235381 32
0.398740 40
0.542353 32
0.806821 41
0.214852 32
0.507257 59
0.145628 79
0.168064 46
1.214605 32
0.163151 32
0.142803 32
0.164706 33
0.193791 32
0.153528 32
0.570676 32
0.173757 51
0.624310 58
0.552749 29
0.327606 32
0.152832 32
0.155588 44
0.144565 33
0.774590 58
0.092455 58
0.061439 83
0.113550 58
0.101946 58
0.754556 47
0.708574 62
0.625771 96
0.747277 33
0.226050 33
0.849309 33
0.081301 33
0.295269 33
0.149523 33
1.295000 34
0.063122 46
0.439926 32
0.672231 56
0.097132 56
0.080420 81
0.121510 56
0.072141 56
0.225585 56
0.386358 63
1.053264 56
0.236267 56
0.102296 56
0.072512 81
0.112463 57
0.286334 56
0.418023 32
0.467543 1
0.986462 73
0.082339 50
0.357659 32
0.238360 106
0.153482 109
0.475416 50
0.772899 33
0.095697 33
0.122176 33
0.138569 53
0.154570 32
0.952278 32
0.234524 33
0.949880 33
1.625130 34
0.236642 33
0.724874 33
0.632454 33
0.562397 43
0.225928 33
0.171704 78
0.972884 33
0.051942 33
0.137619 33
0.159208 53
1.144520 33
0.265354 33
1.422333 34
0.235876 33
1.757508 33
0.737354 33
1.365300 62
0.003523 53
0.170796 62
33.206766 53
0.147916 29
0.154720 29
0.157076 62
0.232711 53
0.639350 78
0.736953 33
0.063151 33
0.115099 33
0.127658 53
1.197700 33
0.562501 33
1.800312 34
0.317044 33
0.337997 41
0.511365 33
0.642764 43
0.268291 33
54.817690 32
0.591838 29
0.194481 29
0.137931 60
0.202649 50
0.641573 31
0.322521 74
0.810496 32
0.146765 32
0.130382 32
0.051249 32
0.193389 31
1.266688 32
0.084152 33
0.234088 32
0.500575 41
0.257364 31
0.929929 32
0.705627 32
0.152756 32
1.105182 40
0.131874 40
0.451620 31
0.163114 41
0.175893 31
1.460157 32
0.142168 32
1.401920 33
1.483563 32
0.142096 32
0.226696 31
0.173701 32
0.059604 32
0.215140 32
0.116039 32
0.415593 32
1.478584 61
0.157756 79
0.217747 46
0.345596 29
0.344561 78
0.819404 33
0.050845 33
0.155501 33
0.408300 33
0.918322 32
0.594037 33
0.133409 34
0.777267 32
0.205571 33
0.989033 33
0.154530 33
0.817940 41
0.102939 41
0.286459 32
0.121309 42
0.108575 32
1.047965 33
0.143057 33
0.173205 33
0.757442 33
0.184387 32
1.472460 33
0.122583 33
0.142904 32
0.132425 33
0.107391 33
0.107487 33
0.111411 33
0.368746 34
0.529716 62
0.155889 80
0.169195 45
0.291241 29
0.262290 78
0.759351 33
0.030030 33
0.184968 33
0.162572 33
0.664144 32
0.359720 33
0.285789 34
0.430227 32
0.355801 33
0.655531 43
0.142307 33
0.358732 33
0.152873 33
0.213805 32
1.166768 41
0.287905 32
0.131088 42
0.115145 32
0.541373 32
1.074102 32
0.355367 43
0.633833 54
0.235504 43
0.329763 32
0.162295 32
0.867416 33
0.142897 34
0.317337 33
1.176304 33
0.131713 33
0.127233 32
0.232804 33
0.060590 33
0.153019 33
0.112947 33
0.521661 33
1.541018 63
0.908678 51
0.433410 30
0.856431 40
0.348349 38
1.699380 30
0.220023 33
0.046817 33
0.111993 45
0.203740 32
0.461482 33
0.081515 33
0.153915 33
0.081118 34
0.669101 33
0.183688 46
0.865433 38
0.105568 46
0.369421 32
0.198363 89
0.113876 82
0.444609 45
0.497524 32
1.165373 33
0.212342 33
0.010370 33
0.156899 33
0.243459 33
0.071914 33
0.195494 33
0.376875 33
1.921752 33
0.181323 78
0.617457 33
0.398707 33
0.275421 43
0.142577 43
0.890588 33
0.224176 33
0.082430 33
0.244606 33
0.755976 43
0.185654 33
0.234311 33
0.175661 33
0.530688 33
0.266252 33
0.419557 43
0.456628 33
0.677112 43
0.430576 33
0.525365 33
0.070695 46
1.024250 32
14.265506 69
0.195787 32
0.211690 1
1.069370 92
0.779898 32
0.622568 31
0.172595 30
0.150054 226
0.846292 46
0.567192 78
0.819536 33
0.400779 33
0.132069 33
0.061828 33
0.174256 33
0.086072 33
0.762999 43
0.122194 43
0.296470 33
0.040880 33
0.839129 33
3.508803 33
1.026034 33
0.103777 46
0.377908 32
1.422332 69
0.132781 56
0.173582 69
0.439499 32
1.193787 45
1.106884 42
0.100553 18
0.000483 39
0.549277 50
0.000422 6
0.172726 1
0.164057 1
1.482072 1
0.439727 1
0.000378 14
0.000132 18
0.005241 24
0.002698 62
0.002783 116
0.555342 20
0.184858 65
1.172016 4
0.152346 4
0.132975 4
0.154996 4
0.142227 4
0.142246 4
0.133911 4
0.144284 4
0.265817 4
0.418881 1
0.205767 1
0.112059 1
0.582105 1
0.194075 1
0.184861 1
0.163056 1
0.569522 1
0.155333 1
0.123954 1
0.193882 1
0.155719 1
0.491488 1
0.513383 1
0.041290 1
0.042891 1
0.040881 1
0.040643 1
0.040020 1
0.041277 1
0.040756 1
0.040562 1
0.041147 1
0.040861 1
0.040290 1
0.039602 1
0.040808 1
0.040091 1
0.041700 1
0.041891 1
0.041604 1
0.040841 1
0.369021 3
0.183319 3
0.139525 5
0.152905 5
0.144736 5
0.142423 5
0.164213 5
0.153271 5
0.153340 5
0.162922 5
0.143987 5
0.615114 5
0.264211 5
0.112101 5
0.102877 5
0.776767 5
0.757656 5
0.152988 5
0.901401 5
0.274711 5
0.195092 5
0.152684 5
0.173331 5
0.205574 5
0.075562 233
0.250519 235
0.358680 238
0.555143 1
0.512486 1
0.040933 1
0.040093 1
0.041376 1
0.042674 1
0.040710 1
0.040813 1
0.040267 1
0.041238 1
0.040781 1
0.040558 1
0.040978 1
0.040727 1
0.040987 1
0.040418 1
0.040822 1
0.040753 1
0.306172 1
0.204211 1
0.172311 198
0.285163 209
0.134711 173
0.152775 5
0.143364 5
0.153964 5
0.142813 5
0.152192 5
0.491448 5
0.370078 5
0.703818 5
0.112015 5
0.073946 5
0.633686 5
0.173921 5
0.215411 193
0.274759 195
0.450560 198
0.106879 201
0.854811 202
0.132324 198
0.552197 198
0.195363 201
0.255043 204
0.892288 1
0.183787 1
0.143198 1
0.205793 1
0.111196 1
0.133338 1
0.133482 1
1.002719 1
0.472077 3
0.117622 193
1.296865 5
0.033622 283
0.001246 429
0.002159 526
0.001863 528
0.004311 116
2.222005 54
0.255812 343
0.475752 2
0.051815 72
0.004431 56
0.001827 10
0.010062 31
0.000211 14
0.006932 1442
0.480723 25
0.001141 48
0.510217 25
0.000400 48
0.040340 25
0.008797 66
0.032257 25
0.003838 63
0.038846 24
0.000601 44
0.040095 24
0.000515 42
0.040347 24
0.005935 74
0.034244 25
0.007839 67
0.033771 25
0.001160 48
0.039405 25
0.000540 42
0.039713 25
0.000804 48
0.040681 25
0.006309 75
0.035040 25
0.005864 66
0.035129 25
0.000707 48
0.040119 25
0.000480 42
0.040381 25
0.010246 67
0.030353 25
0.010853 92
0.030754 25
0.004824 63
0.035521 24
0.000672 46
0.040445 24
0.001419 40
0.039518 24
0.006438 65
0.034519 24
0.006222 63
0.034408 24
0.000515 46
0.040237 24
0.000530 46
0.040008 24
0.000598 46
0.040522 24
0.022465 64
0.017504 24
0.000357 25
0.039571 48
0.040217 48
0.043581 48
0.041960 48
0.040840 48
0.040813 48
0.040276 24
0.000420 24
0.040543 24
0.000519 24
0.039838 48
0.040983 48
0.143462 24
0.017911 50
0.493810 24
0.000613 40
0.040025 24
0.001273 40
0.041328 24
0.001364 40
0.038954 24
0.000906 39
0.039771 23
0.000467 38
0.039899 23
0.000534 38
0.040279 23
0.000886 38
0.040368 23
0.000552 38
0.039848 23
0.000668 38
0.040443 23
0.001110 38
0.040336 23
0.000609 38
0.040216 23
0.000609 38
0.040174 47
0.040369 23
0.000511 23
0.201437 21
0.000244 83
2.039763 50
0.388026 50
0.112120 50
0.112023 50
0.152895 50
0.205643 50
0.163332 50
0.203781 50
0.605507 52
1.135746 69
0.107539 61
1.264068 28
0.703637 60
0.101630 60
0.153241 60
0.267014 60
0.184438 60
0.185275 60
0.142720 60
0.116158 60
0.446197 29
0.354552 108
1.249837 49
0.728287 62
0.135138 38
0.100987 47
0.629253 48
0.000405 6
0.225895 1
0.173268 1
0.246609 1
0.489541 15
0.000138 18
0.039625 18
0.003361 62
0.002621 116
0.366129 20
0.165549 74
0.467105 2
0.414080 283
0.000841 913
0.003901 3071
0.049034 116
3.852525 54
0.153430 343
1.234491 2
0.051981 72
0.004901 56
0.001824 10
0.009463 31
0.000211 14
0.007359 1373
0.370422 23
0.000491 38
0.703878 23
0.000467 38
0.424595 22
0.000289 41
0.659410 23
0.000436 40
0.907538 21
0.000442 83
0.485633 27
0.274721 27
0.347064 49
1.258945 62
0.468582 107
0.361553 27
1.010291 28
0.122001 28
0.083973 28
0.132714 28
0.223501 47
0.195848 27
0.316951 28
0.133516 28
0.091838 30
0.172525 29
1.187519 29
0.073287 29
0.081934 29
0.180667 29
0.155227 51
0.163159 28
0.749686 29
0.184026 29
0.234764 30
1.698253 29
0.447715 71
0.185034 71
0.260166 38
0.100453 48
0.579955 54
0.154509 1
0.193696 1
0.287641 1
0.407345 15
0.000142 18
0.040842 18
0.005728 62
0.005187 116
0.450993 20
0.155977 74
0.280766 2
0.419395 284
0.052983 116
4.945761 54
0.173502 343
1.254533 2
0.055456 72
0.004011 56
0.001729 10
0.010816 45
0.008676 1128
0.660661 23
0.000487 38
0.154352 23
0.000511 42
0.162546 23
0.000531 38
0.357425 23
0.000456 38
0.192881 23
0.000649 42
0.153079 23
0.000605 38
0.143639 23
0.000846 42
0.152462 23
0.000538 38
0.173022 23
0.001083 42
0.161652 23
0.000469 38
0.154682 23
0.000522 38
0.152466 23
0.000474 45
0.173664 24
0.000674 40
0.142444 24
0.000955 40
0.315428 24
0.000622 40
0.153418 24
0.000453 40
0.153264 24
0.000452 40
0.142764 24
0.000811 45
0.195166 25
0.000616 45
0.151950 25
0.000689 45
0.182645 25
0.000890 45
0.123178 25
0.000533 45
0.315101 25
0.000619 45
0.141953 25
0.000551 45
0.144303 25
0.004491 60
0.127866 25
0.002439 56
0.180608 25
0.000674 42
0.164863 25
0.000502 42
0.203195 25
0.000684 46
0.173048 25
0.000971 45
0.174070 25
0.000972 42
0.608696 25
0.000801 45
0.669219 25
0.000553 45
1.316181 23
0.000478 93
0.381243 46
0.755340 43
0.666263 29
0.174766 29
0.189498 62
0.201498 53
0.426129 29
0.287415 32
0.338335 33
1.237462 46
0.461107 42
0.100728 18
0.000915 36
0.456194 50
0.000407 6
0.182915 1
0.174673 1
0.377510 1
0.396398 1
0.000176 14
0.000182 18
0.039001 18
0.005006 62
0.009252 116
0.484194 20
0.175220 74
0.903216 2
0.680991 10
0.000192 16
0.001468 116
8.159653 54
0.173411 343
1.442477 74
0.721476 2
0.673258 10
0.000196 16
0.001413 116
1.395941 54
0.336993 343
1.807875 2
0.049934 72
0.004347 56
0.001755 10
0.011229 31
0.000204 14
0.008543 1133
0.848770 25
0.000538 42
0.194596 25
0.004376 59
0.188957 25
0.002507 57
0.274401 24
0.004050 60
0.128360 25
0.002311 58
0.182067 25
0.000557 42
0.154163 25
0.000657 42
0.305136 25
0.007200 74
0.156906 25
0.010139 88
0.152606 25
0.002342 56
0.150378 25
0.000539 42
0.174774 25
0.000706 42
0.162265 25
0.007175 74
0.135418 25
0.007838 90
0.114470 25
0.002331 57
0.203034 25
0.000792 42
0.367296 25
0.000518 46
0.374447 25
0.000767 46
0.699790 25
0.000910 46
0.557630 23
0.000379 93
0.718900 33
0.286616 33
0.244449 48
1.565518 37
0.876546 100
0.625508 54
0.241816 52
0.177285 44
0.318422 226
0.389545 42
0.100657 18
0.000485 36
0.703424 50
0.000544 6
0.243801 1
0.185437 1
0.295277 1
0.399124 15
0.000128 18
0.073347 18
0.008238 62
0.008088 116
0.425176 20
0.175011 74
0.558937 2
0.764404 15
0.001192 116
2.783505 1
0.132725 1
0.193148 1
0.994036 4
0.152374 4
0.133126 1
57.572956 54
0.838666 343
1.898569 2
0.051486 72
0.005253 56
0.001037 10
0.012515 31
0.003243 14
0.005515 1133
1.768325 25
0.002108 42
0.263203 25
0.005748 58
1.494886 24
0.100465 61
0.388969 55
0.237695 1
0.183014 1
0.256262 1
0.428528 15
0.000160 18
0.021628 18
0.003735 62
0.002829 116
0.446726 20
3.459602 74
0.957419 2
0.667678 15
0.001323 116
0.533339 54
0.255865 343
0.460689 74
0.798666 343
0.334315 74
0.350363 147
0.000684 196
0.254619 74
0.267439 343
0.264843 74
0.266821 343
0.275332 74
0.256574 343
0.264769 65
0.278101 152
0.562164 62
0.968546 2
0.694419 183
0.000380 276
0.001892 116
2.348099 120
72213.444287 120
11.944791 1
0.126375 1
0.080859 1
0.213431 1
0.430704 4
0.142253 4
0.117256 4
0.111803 1
0.523776 1
0.122117 1
0.111612 1
0.462303 1
1.458585 1
0.461699 1
1.148047 1
0.111754 1
0.138184 1
0.254009 1
1.125985 1
0.652035 1
0.132028 1
1.856427 2
0.206236 72
0.007328 60
0.038044 27
0.000239 18
0.002193 1977
0.000693 1421
2.003556 21
0.000470 83
0.268245 29
0.152925 27
2.689075 28
0.359896 28
0.349797 28
0.407627 36
0.139595 36
0.150575 36
2.133630 28
0.111946 28
1.036076 28
0.178914 28
0.193397 28
1.766084 27
0.870125 30
0.229839 29
0.595083 28
0.269037 29
0.143445 29
0.213437 29
0.156510 28
0.305408 28
0.152759 38
0.145749 38
0.193228 29
0.132272 29
0.178417 28
3.020078 29
0.142286 29
0.833183 39
0.625743 29
0.644606 29
0.532677 27
0.172857 27
0.147448 27
0.172858 27
0.392946 27
0.461024 27
1.499711 28
0.142311 28
0.233799 28
0.548942 36
0.122986 36
0.355893 28
0.269375 28
0.463446 36
0.152547 36
0.523441 28
0.216672 28
0.975628 27
0.564596 30
0.132148 29
0.132209 28
0.320363 29
0.125771 29
0.376423 29
1.301168 38
0.136793 38
0.214099 29
0.020392 29
0.442372 38
0.268144 29
1.110102 28
1.892753 29
0.127034 29
1.219395 39
0.310659 29
0.223575 31
0.354005 30
0.139985 29
1.305294 29
0.421305 29
0.233462 27
0.175459 27
0.165482 27
0.172431 27
0.081350 27
0.524775 27
0.722624 28
0.132133 28
0.183204 28
1.767681 27
0.133102 30
0.482074 29
0.152284 28
0.524808 29
0.227650 29
0.192898 29
0.464389 28
0.479829 29
0.101643 29
2.352092 29
0.172822 30
1.143547 40
0.100995 17
0.000242 33
0.532682 22
0.000191 33
0.234646 1
0.113852 1
0.296851 1
0.451346 1
0.000270 14
0.000093 11
0.071309 22
0.004464 62
0.004694 116
4.909879 1
0.082417 1
0.142291 1
0.244076 2
0.899461 163
0.000326 389
0.022883 116
0.482938 1
0.140193 1
0.201426 1
0.274514 2
0.190894 2
0.000490 133
0.001211 498
0.015765 116
16.160142 1
0.068539 1
0.157055 1
0.086971 1
0.217794 2
0.000155 6
0.081152 27
0.001741 116
7.515746 1
0.386386 1
0.873673 1
0.227600 1
0.143855 1
0.192858 2
0.000468 106
1.853812 1
0.212136 1
0.030592 1
0.680498 1
0.285069 1
0.170394 1
0.520640 1
0.225820 1
2.980803 1
3.009333 4
1.230791 1
0.278366 1
1.457460 1
0.626561 1
0.995396 2
0.274879 106
2.826599 1
0.152921 1
0.127125 1
0.112744 1
0.400878 1
0.224664 1
0.162835 1
0.690992 1
1.511688 1
1.434519 4
0.548236 4
0.142948 4
0.173419 4
0.162139 4
0.167219 4
0.493085 4
0.152485 4
0.172968 4
0.177700 1
1.922892 1
0.139848 1
0.121770 1
1.128299 1
0.126160 1
0.215448 1
0.193278 1
0.166716 1
1.517987 1
0.213501 2
0.121245 106
0.855316 1
0.133067 1
0.101745 1
0.096578 1
0.184342 1
0.101420 1
0.302043 1
0.152297 1
0.152884 1
0.116243 1
0.142937 1
14.803102 1
0.244958 1
0.177890 1
3.100872 1
0.623519 1
0.402084 1
0.636607 1
0.510696 2
0.212436 21
0.006598 162
0.000275 517
0.001144 106
17.014060 1
0.095545 1
0.133680 1
1.672100 4
0.152115 4
0.177582 4
0.162495 1
0.153598 1
0.166417 1
1.250686 1
0.116029 1
0.128840 1
0.075651 1
0.757794 1
0.248792 1
0.335780 1
0.391486 1
0.298982 1
1.059343 2
5.729093 1
0.000302 55
6.596524 2
0.151048 56
5.744054 2
0.154689 1
0.000118 55
4.077175 2
0.411494 32
0.000565 30
0.002392 150
0.000421 30
0.000473 30
0.001013 30
0.000317 31
0.000385 31
0.000365 31
0.000305 31
0.001126 31
0.000339 31
0.000355 31
0.000338 31
0.000387 31
0.000353 31
0.000358 31
0.000297 31
0.000373 31
0.000382 31
0.000308 31
0.000245 31
0.000237 70
0.000173 41
0.001069 99
0.001738 33
0.000626 33
0.000574 33
0.000500 33
0.001644 33
0.000349 33
0.000442 34
0.000272 68
0.001908 34
0.001315 34
0.000612 34
0.001758 34
0.000584 34
0.000174 34
0.000275 68
0.000422 34
0.000349 34
0.000208 42
0.001699 29
0.000568 58
0.002186 29
0.001851 29
0.000239 29
0.000287 29
0.000260 29
0.000989 30
0.000285 30
0.000254 30
0.003750 30
0.000156 30
0.001901 30
0.000836 30
0.000247 60
0.000628 30
0.000182 30
0.002151 30
0.000195 102
0.019049 80
0.000884 80
0.001059 120
0.002168 194
0.046714 120
0.283652 75
0.000273 2
0.005684 106
28.545561 1
0.122879 1
0.244013 1
0.378752 4
0.133505 4
0.146478 4
0.243604 1
0.268169 1
0.113170 1
0.104057 2
0.019216 519
0.000657 172
0.000814 106
14.533538 1
0.116186 1
0.057216 1
0.131749 1
0.212417 1
0.139095 1
0.172790 1
0.197087 1
1.251851 1
0.122348 1
0.339461 1
0.045832 1
0.407435 4
0.182515 4
0.218722 1
0.162919 1
1.700909 2
0.047594 72
0.003413 48
0.003054 10
0.010721 31
0.000241 14
0.001938 1221
2.074918 51
0.918307 23
0.000430 88
0.556257 32
0.731523 97
0.643087 40
1.003290 29
0.133911 29
0.248046 29
1.920928 29
0.788716 42
1.373014 97
1.952508 41
2.647452 41
0.142021 41
1.333951 41
2.002429 43
0.164123 43
0.131520 43
0.268069 41
0.122798 40
45.639150 46
1.702018 41
1.838159 41
0.131790 41
1.065936 41
0.300127 41
1.589067 41
0.945664 41
0.472397 42
0.860425 41
1.703007 47
0.766468 43
1.355370 41
0.278625 41
0.121309 41
0.123076 41
0.259233 41
0.162881 41
0.171069 41
0.270052 41
0.480753 43
0.133383 43
0.111502 41
0.217283 41
0.163790 42
1.095654 41
0.112450 41
0.512542 41
0.146283 41
1.651926 41
0.443641 41
0.244069 41
0.216332 41
1.402837 41
0.228544 42
0.151974 41
0.350485 41
0.584135 41
0.874722 41
0.142031 41
0.152239 41
0.146307 41
1.761060 97
1.006116 41
0.552446 41
0.120846 41
0.228496 41
0.986740 41
0.294896 41
0.237911 41
1.177387 42
0.594397 41
1.808368 41
0.623040 43
0.644787 41
0.494019 41
0.096036 41
0.162490 41
0.233138 41
0.158410 41
0.121061 41
0.204812 41
0.125569 42
0.194890 41
0.183342 41
1.212859 41
2.780179 41
0.131225 41
0.311874 41
0.120817 41
1.233244 41
0.326551 41
1.034300 42
0.894667 41
0.339127 41
0.313751 41
0.097369 41
0.122519 41
0.243543 41
0.176491 41
0.111846 41
0.162709 41
0.105655 42
0.105511 41
0.128789 41
0.193482 41
0.216590 41
1.380757 97
1.726909 41
0.071775 41
1.396714 41
0.203215 41
0.122193 41
0.159602 41
0.189558 41
0.156152 42
0.130736 41
0.144775 41
0.162087 41
0.759060 97
0.871691 41
0.076199 41
1.045578 41
0.284080 41
0.121868 41
0.187612 41
0.123765 41
0.182206 42
0.126021 41
0.122275 41
0.101379 41
0.124013 41
0.125720 41
0.172727 41
0.705207 97
1.090630 40
0.100653 17
0.000883 44
1.569412 49
0.000278 6
0.142186 1
0.213766 1
0.257970 1
0.891517 1
0.000112 92
1.371347 23
0.100115 58
0.549016 48
0.000519 6
0.766427 1
0.111444 1
0.319897 1
0.593070 15
0.000143 10
0.006935 18
0.003276 62
0.002615 106
2.780348 1
0.214669 1
0.421584 4
0.131973 1
0.167607 1
0.142109 1
0.654001 1
0.152572 1
0.084671 1
0.325823 1
3.336557 1
0.828041 2
0.041713 37
1.300807 44
0.616119 13
0.046384 125
0.000282 334
0.001921 16
0.004234 10
0.000584 5
0.001672 106
4.165371 1
0.254185 1
0.360675 4
0.212962 1
0.110903 1
0.117159 1
0.213103 1
0.228508 1
0.172985 1
0.135504 1
0.224667 1
0.091962 1
0.152121 1
0.121008 1
0.629790 1
0.151808 1
0.183313 1
0.061453 1
0.461902 2
0.014653 106
1.102383 1
0.110607 1
0.097716 1
0.060973 1
0.243792 1
0.084251 1
0.094553 1
0.182872 1
0.131757 1
0.115765 1
0.481960 1
0.614341 1
0.203673 1
0.161679 1
0.147933 1
0.061161 1
0.141244 1
0.091431 1
0.110431 1
0.529493 4
0.502847 1
0.105502 1
0.209398 1
0.080467 1
0.554107 2
0.035177 25
0.000454 34
0.001643 106
2.160343 1
0.092308 1
0.091639 1
0.081503 1
0.584008 1
0.207475 1
0.111747 1
0.105455 1
0.131748 1
0.396532 2
0.180187 1
0.000304 55
4.446256 2
0.286796 31
0.000367 29
0.002474 194
0.000542 32
0.001476 32
0.000763 32
0.000218 40
0.001891 28
0.000286 28
0.000539 28
0.000224 101
0.057366 120
0.000544 74
0.055007 120
0.290902 77
0.009830 106
11.399093 1
0.120447 1
0.107971 1
0.511765 4
0.131999 4
0.132248 4
0.720760 1
0.122253 1
0.114423 1
0.652119 1
0.105078 1
0.081788 1
0.111607 1
1.005291 4
0.523460 4
0.152373 4
0.136380 4
0.472096 1
0.153991 1
0.213274 1
1.140454 1
0.446596 1
0.240485 2
0.001030 44
0.000705 106
2.135545 8
0.227185 1
0.151784 1
0.379933 9
0.131828 9
0.359616 9
0.325157 5
0.257846 5
0.503165 2
0.000444 116
1.548797 1
0.091769 1
0.100255 2
0.010019 76
0.000180 102
0.001141 116
2.370757 1
0.125841 1
0.168744 1
0.532333 1
0.167754 1
0.171507 1
2.236040 1
0.709469 2
0.014213 116
0.773091 1
0.430357 1
0.137430 4
0.134123 4
0.223567 1
0.111701 1
0.137128 1
0.480200 1
0.092223 1
0.122329 1
0.152320 1
0.328683 2
0.009134 116
12.964178 1
0.132022 1
0.121462 1
1.910278 1
0.182683 1
0.150063 1
0.209930 1
0.141572 1
0.227894 1
0.843628 16
3.921281 1
0.122780 1
0.177598 1
0.887865 2
0.021231 116
1.145396 28
0.273471 1
0.329199 1
0.132492 1
0.172619 1
0.157487 1
0.440196 3
0.304221 13
0.166969 13
0.511571 13
0.041429 13
0.040320 13
0.041341 13
0.040298 13
0.040820 13
0.040536 13
0.040641 13
0.111458 13
0.145258 13
0.123032 13
0.152400 13
0.156205 13
0.143362 13
0.151943 13
0.142499 13
0.146542 13
0.162749 13
0.162783 13
0.841801 9
0.095700 9
0.067900 9
0.157393 9
0.203518 11
0.694980 11
0.941309 23
1.756526 2
0.011177 116
1.209507 1
0.101543 1
0.090035 2
0.009488 100
0.001047 116
2.609771 1
0.111679 1
0.080764 1
0.141580 1
0.157434 1
0.152583 2
0.000511 106
1.198538 1
0.115333 1
0.070353 1
0.082074 1
0.213558 1
0.410660 