0.055007 106
1.478832 1
0.061169 1
0.132561 1
0.523146 1
0.459852 1
1.084985 1
0.086103 1
1.449048 2
0.000596 116
3.253534 1
0.122374 1
0.030583 1
0.244678 1
7.450632 1
0.728018 1
0.675097 1
0.142702 1
0.697488 1
0.132524 1
0.173326 1
0.900461 1
0.747687 1
0.174072 1
0.142759 1
0.932036 2
0.053754 72
0.003723 62
0.013456 27
0.000269 18
0.000718 2029
0.000653 1560
6.457165 22
0.100810 32
0.000174 23
1.005465 21
0.000121 32
0.265121 1
0.164201 1
0.511963 1
0.356982 1
0.000191 14
0.000089 13
0.006226 21
0.003152 62
0.002728 116
1.349184 1
0.071385 1
0.112236 1
0.257952 1
0.132528 1
0.347804 1
0.295751 1
0.246813 1
1.104559 1
0.095628 1
0.735493 2
0.000433 116
2.934677 1
0.097689 1
0.077708 1
0.234526 1
0.490541 1
0.267144 1
0.122408 1
0.234471 1
0.708615 4
0.316463 1
0.134282 1
0.808792 1
0.133597 1
0.254947 1
0.163197 1
0.277416 2
0.061459 72
0.004575 1035
3.427993 35
0.000223 48
0.003005 116
4.070235 13
0.479410 2
0.048182 72
0.004599 63
0.002128 972
0.948774 37
0.000510 11
0.014139 27
0.000222 18
0.011748 1598
1.232751 25
0.000243 43
0.226289 25
0.000254 43
0.512612 25
0.000247 43
0.041554 25
0.000240 43
0.040589 25
0.000252 44
0.040518 25
0.000255 46
0.040737 24
0.000257 49
0.428975 25
0.000253 46
0.511687 25
0.000224 49
0.040625 25
0.000355 49
0.040403 25
0.002631 61
0.038134 25
0.001980 53
0.038851 25
0.000258 43
0.040507 25
0.000260 49
0.040683 25
0.000255 46
0.040409 23
0.000268 47
0.040524 24
0.000229 41
0.040567 24
0.002863 69
0.040028 23
0.002413 130
0.038351 24
0.000381 92
0.040441 24
0.002855 164
0.037903 24
0.001961 108
0.038885 24
0.000742 131
0.040000 24
0.003894 126
0.036916 24
0.000688 124
0.040113 23
0.000693 126
0.234891 24
0.043641 126
0.170489 23
0.000459 87
0.183121 24
0.000288 41
0.154706 24
0.000271 41
23.744782 23
0.100553 58
0.227743 22
0.000131 33
0.369020 1
0.122419 1
0.451812 1
0.326284 1
0.000146 25
0.006026 19
0.003558 62
0.003366 116
0.686469 13
0.193865 27
1.749267 4
0.103041 1
0.224276 2
0.000494 116
1.015026 10
0.329477 23
0.173308 27
0.173351 25
0.805766 2
0.051944 72
0.004427 51
0.001023 7
0.010685 27
0.000337 18
0.000845 2029
0.000432 1560
3.267897 21
0.000155 84
1.954269 31
0.265994 29
0.132581 29
0.122288 29
0.165303 29
0.234504 29
0.122339 29
0.084624 29
0.745447 30
1.443545 48
0.142476 40
0.864464 29
0.681982 39
0.112241 39
0.104033 39
0.255598 39
0.185125 39
0.489574 39
0.144153 39
0.356693 39
0.609351 30
0.395354 40
2.959579 29
0.337554 29
0.122415 29
0.101998 29
0.185559 29
0.244785 29
0.122433 29
0.114455 29
1.277755 30
1.372838 30
0.177265 30
0.375539 39
0.122330 39
0.788382 48
0.152913 40
0.647197 29
74.762729 39
0.880110 39
0.091817 39
0.143066 39
0.349952 39
0.389655 39
0.193932 39
0.905474 29
0.252539 40
0.456226 37
4.214717 29
0.122118 29
0.111053 29
0.070646 29
1.023630 48
0.110952 28
0.222979 29
0.101088 29
0.375450 31
0.131276 30
0.232175 30
1.136985 30
0.141095 30
0.131485 30
0.161229 30
0.096632 29
0.633215 29
0.151368 39
0.143345 39
0.131180 39
0.467581 30
0.181991 30
0.110731 30
0.100970 29
0.394729 30
0.597567 30
0.415963 39
0.122070 30
0.090862 31
0.426128 30
0.192094 40
0.282121 37
7.612278 28
0.171514 28
0.181687 28
1.288173 28
0.354329 28
0.908088 73
0.771921 29
0.089264 29
0.110678 40
0.111083 28
0.405829 29
0.437145 29
0.131273 29
0.081727 29
0.171686 30
0.456263 29
0.416587 31
0.122497 43
0.504956 35
0.111155 43
0.459425 29
0.250473 98
0.125081 100
0.301966 100
0.152690 105
0.141593 106
0.122069 106
0.140423 106
0.286453 48
0.129973 29
0.121123 29
0.173744 31
0.191769 28
0.162549 28
0.371032 30
3.385125 33
0.070682 49
0.265799 37
0.222121 33
0.191562 33
0.182788 33
0.282613 33
0.203847 34
0.030345 32
0.901695 33
0.050544 33
0.282707 33
0.106774 33
0.238623 33
0.080728 33
0.326110 33
0.222332 74
2.471537 33
0.131314 33
0.134320 33
0.104740 33
0.208202 33
0.142425 33
0.323079 33
0.680579 34
0.262498 33
0.253391 33
0.151400 33
0.759178 42
0.215084 42
0.658211 33
0.131129 33
0.316149 33
0.091658 46
0.377493 32
0.544907 56
0.150110 56
0.153509 56
0.151453 56
0.181919 56
0.091476 57
0.173867 56
0.242366 56
0.851038 56
0.093068 56
0.129499 56
0.020065 56
0.476180 87
0.265013 54
0.181226 32
0.163545 32
0.302884 32
0.173626 32
0.162611 32
0.161454 32
0.172633 33
0.181773 32
0.181651 32
0.183742 32
0.171690 32
0.192292 32
1.636784 63
0.147891 32
0.505833 32
0.040417 32
0.040369 32
0.040382 33
0.040372 32
0.040522 32
0.040259 32
0.040389 32
0.040395 32
0.203954 32
0.161542 32
0.164577 55
0.433560 46
0.319298 53
0.370852 55
0.141429 32
1.131630 47
6.921189 74
0.911474 33
0.191550 49
0.712102 33
0.102361 46
0.446938 32
0.484590 56
0.080875 56
0.171673 56
0.060590 56
0.233220 57
0.121446 56
0.883164 56
0.536273 56
0.242183 56
0.214115 56
0.131200 56
0.536971 61
0.142406 61
0.961137 56
0.163672 56
0.303704 56
0.395796 61
0.151269 61
0.150498 61
0.153918 61
0.191868 56
0.627853 56
0.192827 56
0.366230 66
0.101667 71
0.385659 32
0.921050 66
0.103153 52
0.334292 32
0.273265 104
0.161737 107
0.376010 48
0.349846 33
2.433722 34
0.040325 34
0.152532 34
0.161596 34
1.186532 34
0.142325 34
0.111144 34
1.329449 42
0.119544 42
0.275301 33
0.251709 43
0.437597 43
0.161134 43
0.181669 43
0.203148 43
0.383540 54
0.123453 54
0.191405 43
0.121162 43
5.209688 43
0.060713 43
0.171581 43
0.131312 44
0.113050 43
0.070726 43
0.252502 43
0.104853 43
0.371990 43
0.162409 43
0.273062 43
0.428179 33
1.304317 34
1.643546 80
0.497239 34
0.111097 34
0.212445 34
0.222916 34
0.770752 34
0.081327 47
0.630833 33
0.281222 70
0.155162 34
1.487457 44
0.692281 61
0.221516 50
0.515027 1
0.518565 60
0.779209 94
20.275036 40
0.100493 17
0.000728 35
0.634726 22
0.000131 33
0.292902 1
0.416048 1
0.294894 1
0.596873 1
0.000139 27
0.022369 18
0.004675 62
0.003376 116
0.711616 15
0.215134 29
0.839258 23
0.772576 27
0.354756 25
0.272454 26
0.375786 67
0.497980 69
0.923002 135
1.516691 4
0.201935 4
0.232241 1
0.456464 1
0.113239 1
0.110027 1
0.191750 1
0.121279 1
0.153479 1
0.456522 1
0.131282 1
0.191833 1
0.185999 7
0.877680 2
0.052999 65
0.000535 7
0.004533 60
0.007385 27
0.000225 18
0.000369 1993
0.000523 543
2.964004 22
0.101062 55
1.472414 21
0.000128 32
0.201781 1
0.242446 1
0.273698 1
0.476685 1
0.000128 14
0.000154 13
0.022183 17
0.002460 33
0.000121 29
0.002836 116
0.685245 16
0.364500 27
0.736349 2
0.051262 72
0.004524 51
0.001698 10
0.012100 27
0.000191 18
0.004530 1504
1.445747 23
0.000617 24
1.238494 22
0.000140 87
0.253094 31
4.189006 34
0.070636 34
0.121442 34
0.111056 34
0.245121 34
0.111148 34
0.202007 34
0.731227 35
0.253387 34
0.105906 34
0.066936 34
0.262582 34
0.213105 34
0.924333 34
0.092656 47
0.436707 33
2.563743 57
0.131509 57
0.253581 57
1.570483 58
0.141326 57
0.446527 57
0.111691 57
0.231713 57
0.093527 57
0.221573 57
0.114090 57
0.201102 57
2.888821 57
0.394881 58
0.213693 57
0.131783 57
0.141511 57
0.161477 57
1.704087 57
1.296044 57
0.163645 57
0.577895 48
0.595144 36
0.141356 36
0.184839 36
1.681931 37
0.141137 36
3.051368 36
0.173073 36
0.221798 36
0.234341 36
0.121562 36
0.120783 36
1.384246 57
1.154284 57
0.160259 58
1.917220 57
0.347363 57
0.374645 48
1.508398 36
0.101359 48
0.470535 57
0.487155 33
0.644251 49
0.537119 78
3.569137 34
0.191643 34
0.274608 34
0.130422 34
0.080812 34
0.133345 34
0.182118 33
0.254559 35
0.242230 33
6.629217 33
0.305095 34
0.192179 78
1.308820 34
0.080840 34
0.182268 34
0.213839 34
0.232826 34
0.100518 34
0.152580 34
0.751143 35
0.091353 47
0.479381 33
2.430978 57
0.030353 57
0.120583 57
0.386086 64
0.141228 57
0.050672 57
0.213112 57
0.151698 57
1.094756 57
0.112103 57
0.436543 33
0.483682 49
0.386977 78
2.899981 34
0.151889 34
0.223928 34
0.393942 44
0.255648 34
0.161646 34
0.669804 33
0.598124 34
0.161654 34
1.258757 34
0.101064 34
0.252438 34
0.857590 42
0.100954 18
0.000238 40
1.840562 23
0.000128 33
0.222097 1
0.173774 1
0.242403 1
0.171670 1
0.000123 14
0.000169 13
0.022820 18
0.002666 33
0.000122 29
0.003143 116
0.562681 15
1.541343 23
0.181896 27
0.171669 29
0.173791 23
0.202469 27
0.192529 25
0.161624 26
0.191982 67
0.194037 69
0.161627 135
0.191944 22
0.184899 40
0.222497 21
0.223121 84
0.171587 269
0.262599 21
0.275804 24
0.345552 12
0.262550 23
0.314221 18
0.212152 12
0.214196 94
0.171758 291
0.285329 31
0.323983 15
0.253522 62
0.262753 69
0.325240 137
0.293007 9
0.284841 11
0.232346 6
0.213203 37
0.242456 51
0.426378 46
0.748832 4
0.131280 4
0.172737 4
0.142837 4
0.587736 4
0.343488 1
0.324324 1
0.232392 1
0.143391 1
0.181844 1
0.214518 1
0.151192 1
0.377750 1
0.507088 1
0.040410 1
0.040527 1
0.040260 1
0.040419 1
0.040358 1
0.040461 1
0.040367 1
0.040404 1
0.040415 1
0.040361 1
0.040402 1
0.042443 1
0.373819 3
0.301099 5
0.171723 5
0.163664 5
0.111124 5
0.375865 5
0.405171 5
0.344476 5
0.232326 5
0.123320 5
0.080785 5
0.191975 5
0.153489 5
0.225165 1
0.121244 1
0.506109 1
0.040410 1
0.040755 1
0.040098 1
0.042381 1
0.040597 1
0.040303 1
0.040343 1
0.040943 1
0.039918 1
0.040413 1
0.151608 1
0.164676 1
0.202088 1
0.354622 3
0.178912 5
0.161641 5
0.153577 5
0.141507 5
0.202132 5
0.558695 5
0.242605 5
0.191955 5
0.116994 5
0.147710 5
0.222303 5
0.093029 5
0.465649 2
0.680804 213
0.002464 1068
0.003686 3139
0.064633 116
14.656547 39
0.294851 59
2.014312 2
0.049825 72
0.005650 51
0.000491 10
0.012458 31
0.001864 14
0.003622 1255
0.527143 25
0.000275 43
0.506726 25
0.000216 49
0.040494 25
0.000592 49
0.039433 25
0.002607 72
0.037817 24
0.003419 64
0.037018 25
0.000258 43
0.040127 25
0.000277 44
0.040090 24
0.000274 41
0.040291 24
0.000427 41
0.040059 24
0.004383 65
0.035810 24
0.003160 59
0.039489 23
0.000240 45
0.039979 24
0.000255 43
0.040109 23
0.000294 45
0.110798 24
0.000271 41
0.445299 24
0.000262 41
0.312981 24
0.000135 25
2.361220 22
0.000182 87
0.519142 29
0.313438 73
3.081642 29
0.282522 29
0.104101 29
0.060720 29
0.171646 29
0.213174 29
0.074524 29
0.117950 29
1.368234 30
0.689273 48
0.221979 40
0.674367 29
1.012415 39
0.181441 39
0.181839 39
0.096678 39
0.066905 39
0.446616 39
0.600500 29
0.557212 29
0.125082 49
0.144713 39
0.532216 29
0.472303 73
0.614358 38
0.100795 16
0.000155 33
0.542688 21
0.000215 33
0.191864 1
0.162643 1
0.272781 1
0.345606 1
0.000107 14
0.000185 13
0.022883 18
0.003058 33
0.000139 29
0.003122 116
0.490838 15
0.151896 54
0.583817 2
0.450115 213
0.000783 865
0.004519 3343
0.051180 116
9.284958 39
0.776224 2
0.444282 213
0.000856 865
0.004289 3343
0.055529 116
2.842927 1
0.295047 1
0.404544 1
0.586860 4
0.173837 4
0.141439 1
0.571803 39
0.192963 59
0.484031 2
0.048012 72
0.005365 51
0.000486 10
0.010689 27
0.000215 18
0.006052 1033
5.599413 23
0.001274 39
0.516030 23
0.000258 43
0.405930 23
0.000216 43
0.312972 23
0.000255 39
8.577128 21
0.003428 59
0.000142 39
0.412725 21
0.000156 84
0.081541 29
0.070363 29
0.263744 29
0.212476 29
0.153382 29
0.141471 29
0.538555 37
0.111286 37
0.151310 37
0.132324 37
0.161913 37
0.080536 37
0.670920 29
0.080863 29
0.151638 29
0.124972 29
0.189158 29
0.091139 29
0.111178 29
1.593442 29
0.110798 31
0.572393 29
0.604745 32
0.272780 31
0.101009 31
0.153579 31
0.131497 31
0.294931 31
0.134777 29
0.151593 29
0.203036 29
0.181784 29
0.507212 29
0.040542 29
0.040268 28
0.040554 28
0.040285 28
0.040421 28
0.040438 28
0.040391 28
0.042659 28
0.040175 28
0.040648 1
1.811986 60
0.377288 28
0.161541 28
0.163653 28
0.151572 28
0.131374 28
0.204096 28
0.394073 28
0.140002 55
1.015777 112
1.053437 249
0.568083 48
0.791176 73
0.267014 38
0.101093 17
0.000232 32
0.462107 21
0.000133 33
1.144661 1
0.183904 1
0.282945 1
0.425297 1
0.000118 14
0.000168 13
0.006453 18
0.002566 33
0.000124 29
0.003056 116
0.376394 15
0.202168 54
0.474877 2
0.479468 213
0.000850 865
0.004657 2777
0.008592 651
0.044460 116
21.268450 39
0.163649 59
0.787188 2
0.051934 72
0.006036 61
0.009650 27
0.000186 18
0.005712 1065
0.842142 23
0.000248 43
0.193709 23
0.000258 43
0.202848 23
0.000216 43
0.516238 23
0.000291 43
0.262455 23
0.000256 42
0.184656 24
0.000226 41
0.161446 24
0.000253 41
0.635535 24
0.000264 41
1.168115 22
0.000177 87
0.895257 29
0.230254 49
0.297285 29
1.000857 56
1.514941 40
0.101002 17
0.000268 34
0.735754 22
0.000128 33
0.233432 1
0.293049 1
0.375892 1
0.366927 1
0.000142 27
0.026911 18
0.002708 62
0.002609 116
0.547695 15
0.181714 54
0.718527 2
0.465560 469
0.001487 642
0.074861 116
15.599015 39
0.599250 59
1.081259 4
0.507187 4
0.040823 4
0.040060 4
0.040519 4
0.040263 4
0.040403 4
0.040453 4
0.040394 4
0.041413 4
0.040481 4
0.040438 4
0.040359 4
0.040471 4
0.040424 4
0.040357 1
0.040439 1
0.040442 1
0.040443 1
0.040351 1
0.040443 1
0.042499 1
0.040489 1
0.040277 1
0.040479 1
0.040408 1
0.040432 1
0.040441 1
0.040435 1
0.040460 1
0.040394 1
0.040415 1
0.040465 1
0.040402 1
0.042414 1
0.041525 1
0.455742 1
0.111137 1
0.303119 1
1.268119 1
0.131446 1
0.111148 1
0.762818 1
0.232369 1
0.394954 1
0.466745 1
0.274777 2
0.000568 116
0.909981 1
0.103024 1
0.080839 1
0.426476 1
0.294060 1
0.080810 1
0.720149 4
0.141469 4
0.141381 4
0.446496 1
0.669888 1
0.121203 1
0.202078 1
0.161654 1
0.286007 1
0.368722 1
0.857045 1
0.203916 1
0.315352 1
0.434406 1
0.944815 2
0.056942 39
0.005392 1068
1.257104 37
0.000356 11
0.011534 27
0.000186 18
0.012212 1355
2.127331 24
0.000273 41
0.355317 24
0.000246 41
0.191711 24
0.000260 43
0.507478 23
0.000270 45
0.039639 24
0.000265 43
0.253457 23
0.003818 46
0.218348 25
0.000266 49
0.143197 25
0.000551 43
0.211686 25
0.000222 43
0.171514 25
0.000409 49
0.174396 25
0.000264 43
0.181652 25
0.002458 72
0.159257 24
0.002179 66
0.372730 25
0.000220 43
5.565608 24
0.100606 61
1.084587 24
0.100796 61
0.882255 23
0.000166 32
0.741576 1
0.181872 1
0.496155 1
0.355700 1
0.000125 25
0.024345 19
0.003810 62
0.004416 116
0.426926 13
0.191989 27
0.949932 4
0.528530 1
0.384964 2
0.000603 116
0.651001 10
0.181952 23
0.173785 27
0.171965 49
0.586946 59
1.165280 2
0.054992 65
0.000564 7
0.005058 61
0.010836 27
0.000218 18
0.005200 1075
1.646075 22
0.000294 87
0.550189 31
0.175485 57
0.215388 44
0.157763 36
0.132786 54
0.151698 42
0.140963 29
0.163546 61
0.233850 52
0.221027 33
0.507289 33
0.040435 33
0.040438 33
0.041353 34
0.040485 33
0.040391 33
0.040431 33
0.041014 33
0.041581 50
0.040411 33
0.039368 41
0.039783 33
0.040386 33
0.040400 34
0.040438 33
0.040409 33
0.042593 33
0.040284 33
0.040398 33
0.040419 33
0.040523 33
0.040320 33
0.040433 33
0.040449 34
0.040411 33
0.040722 33
0.040084 33
0.040446 33
0.042437 33
0.041403 33
0.040434 33
0.040624 33
0.040223 33
0.040435 34
0.040421 33
0.040378 33
0.040495 33
0.040402 33
0.040634 33
0.040212 33
0.152675 33
1.174251 51
0.114819 51
0.046737 52
0.182842 51
0.214385 33
1.764497 50
0.121252 50
0.466980 50
0.090815 50
0.232525 50
0.408192 73
0.111997 95
0.975784 42
0.101017 18
0.001730 40
0.408006 23
0.000130 33
0.771698 1
0.222342 1
0.384901 1
0.406278 1
0.000124 14
0.000161 13
0.024890 18
0.002712 33
0.000127 29
0.002984 116
0.429389 15
0.161722 29
0.717455 2
0.001041 116
5.072214 10
0.151490 25
1.154929 29
1.278152 23
0.690090 27
0.374831 49
1.284341 2
0.805937 6
0.000915 116
5.726698 39
13.714015 52
2.395196 49
0.182896 42
0.151881 1
0.426208 39
0.171915 52
0.161667 25
0.163782 29
0.588162 25
0.554998 2
0.051301 72
0.005107 51
0.000850 10
0.011164 27
0.000365 18
0.006786 1101
2.148920 25
0.001409 59
0.211825 25
0.000277 49
0.202032 25
0.000155 49
1.380423 25
0.000131 26
2.463002 23
0.000140 94
0.620451 33
3.368612 33
0.991864 35
0.141084 35
1.115608 35
0.084984 35
0.108020 35
0.121417 35
0.426328 46
1.094367 35
0.590631 33
0.110983 1
0.611434 53
0.295331 33
0.251878 48
0.423971 78
1.927588 34
0.074711 34
0.077204 52
0.101774 33
1.095456 34
35.568605 30
0.214128 30
0.426397 42
0.100881 18
0.000323 37
0.634659 23
0.000124 33
0.232330 1
0.224430 1
0.375989 1
0.405299 1
0.000230 27
0.023774 18
0.002785 62
0.003349 116
0.470075 15
0.163776 54
1.137102 52
1.772122 4
0.082658 1
0.487110 2
0.000615 116
0.528860 10
0.192006 25
2.679211 54
0.466069 52
0.173676 25
0.121343 29
0.467928 23
0.171811 27
0.506332 23
0.292259 2
0.047852 65
0.000532 7
0.005402 1035
1.233558 37
0.000368 11
0.011793 45
0.011299 1361
0.903361 25
0.000268 47
0.171508 24
0.000280 50
0.152314 25
0.000256 43
0.121030 25
0.000260 43
0.201891 25
0.000353 43
0.143122 25
0.000225 43
0.141291 25
0.000807 131
0.120464 25
0.000782 123
0.181145 25
0.000832 134
0.173123 25
0.000990 122
0.160664 24
0.000559 133
1.407581 24
0.100815 36
0.000197 25
0.637821 23
0.000171 33
0.214033 1
0.192024 1
0.264742 1
0.192036 1
0.000104 14
0.000184 11
0.024700 19
0.002897 62
0.003272 116
0.437612 13
0.161759 27
1.996367 4
0.101090 1
0.234449 2
0.000524 116
0.975791 10
0.141500 23
0.131354 27
0.185019 25
0.594394 2
0.049828 72
0.004253 51
0.000896 10
0.010242 27
0.002345 18
0.003604 994
0.691904 25
0.000259 43
0.183664 25
0.000222 43
0.171845 25
0.000389 43
0.364285 25
0.000256 43
0.365615 51
0.283082 25
0.000376 43
0.223924 25
0.000231 46
0.201918 25
0.000254 46
0.506154 25
0.001640 61
0.038813 25
0.001057 54
0.039417 25
0.000535 46
0.039812 25
0.000259 46
0.040201 25
0.000378 46
0.040023 25
0.000245 46
0.042201 25
0.000258 46
0.040199 25
0.000293 46
0.282732 25
0.000248 46
0.385814 25
0.001605 69
1.376225 23
0.000124 24
1.461569 23
0.000160 94
0.204661 59
7.692780 42
0.100997 18
0.000938 54
0.419130 23
0.000206 33
0.883246 1
0.121229 1
0.324481 1
0.648935 1
0.000144 27
0.007561 18
0.003249 62
0.002823 116
1.776203 15
0.282965 29
0.862097 25
0.332703 2
0.053885 65
0.000687 7
0.004129 51
0.000338 10
0.010591 27
0.000201 18
0.007120 998
1.085380 25
0.001688 69
1.130310 29
0.161705 23
0.000713 54
0.994878 22
0.000159 88
0.286978 33
0.468076 30
0.658821 30
0.455952 33
0.507285 33
0.040411 33
0.040422 33
0.040455 33
0.041540 49
0.042233 34
0.039929 40
0.041005 33
0.040608 33
0.040264 33
0.040398 33
0.040449 33
0.040391 33
0.040451 33
0.041355 56
0.951310 60
0.131413 59
0.437882 48
0.990672 47
5.337417 35
0.566034 78
2.090036 34
0.141012 34
0.091040 34
0.122306 34
0.171754 34
0.182188 33
0.446440 33
0.143663 44
0.122195 44
0.101005 44
0.111204 44
0.791293 34
0.090990 46
0.638659 33
0.942884 34
0.609773 34
1.003471 44
0.254705 34
0.904969 30
0.415421 50
0.265837 34
0.505714 41
0.040329 33
0.040089 33
0.040407 33
0.040628 33
0.040342 33
0.040315 33
0.042411 33
0.040449 33
0.040426 34
0.171779 33
0.152653 57
0.194064 33
0.272449 48
0.718056 78
1.175915 34
0.121395 34
0.224229 34
0.222333 34
0.171734 34
0.133458 34
0.111159 34
0.760295 35
0.113770 47
0.458091 33
0.889367 57
0.050514 57
0.163693 57
0.094784 57
0.218448 57
0.133500 57
0.141414 57
0.455780 64
0.141654 57
1.076699 57
0.192509 57
2.038180 58
0.141414 57
1.461416 64
0.162074 65
0.913394 58
0.109932 57
0.357185 48
0.475054 36
0.546768 48
0.976438 37
1.398281 44
0.121872 33
0.150895 49
0.131370 44
0.223409 42
0.242523 31
0.378851 267
0.406270 55
0.201616 33
0.344533 33
0.202200 33
0.365705 33
0.202086 33
0.206152 33
0.595078 78
0.812077 34
0.094828 34
0.117439 34
0.111143 34
0.365837 33
0.335540 34
0.121277 34
0.171778 34
0.883143 34
0.446630 34
0.131424 34
0.131756 34
0.092584 34
0.161727 34
0.121221 34
1.268947 34
0.732880 42
0.100947 18
0.000250 40
0.541967 23
0.000188 33
0.213886 1
0.242506 1
0.284047 1
0.426480 1
0.000167 27
0.029047 18
0.004082 62
0.005401 116
0.523062 15
0.222391 29
0.182762 23
0.202135 27
0.365878 25
0.353635 54
0.677202 2
0.458283 319
0.001073 2696
0.008648 3954
0.049971 116
7.500491 39
0.212283 59
1.928335 29
0.708544 25
0.473935 2
0.047840 72
0.004526 51
0.000805 10
0.011005 27
0.000285 18
0.006643 810
3.180864 25
0.000271 43
0.141213 25
0.000277 44
0.718297 25
0.000395 43
0.365388 25
0.000405 49
0.565725 25
0.000353 46
0.152255 25
0.000219 46
0.141229 25
0.000288 46
0.791179 114
0.410842 33
0.190477 33
0.374077 33
0.252335 46
0.131309 46
0.336344 50
0.171792 46
0.283967 45
0.395209 43
0.152866 239
0.749457 44
1.308721 35
0.091338 35
1.207719 30
0.173783 30
0.405437 33
0.508272 51
0.040945 34
0.039469 40
0.039816 33
0.040386 33
0.040295 33
0.202141 33
0.154604 33
0.181921 32
0.445680 31
0.740732 31
1.145070 64
0.181814 64
0.003238 64
0.889981 75
0.141720 75
0.212459 64
0.144001 64
2.639571 78
0.149598 64
0.588269 64
0.325845 126
1.856427 64
1.451261 72
0.373961 73
0.163853 273
0.181854 75
0.478232 73
0.253051 64
1.004512 64
0.143947 126
0.414994 64
1.359505 64
0.587728 64
0.234225 64
0.121135 64
0.244509 64
0.478589 64
0.891448 34
0.508408 33
0.040429 33
0.040438 33
0.041420 33
0.040594 33
0.041483 50
0.040479 33
0.039750 41
0.039985 33
0.040399 34
0.040413 33
0.040575 33
0.040232 33
0.040416 33
0.040409 33
0.042503 33
0.040411 33
0.040405 33
0.050920 33
0.031133 58
0.283104 33
1.034356 73
1.085449 49
1.230226 42
0.100982 18
0.000210 40
0.480618 23
0.000126 33
2.335028 1
0.249010 1
0.398806 1
0.608485 1
0.000156 27
0.006986 18
0.002552 33
0.000130 29
0.003044 116
0.661189 15
0.212396 54
0.463935 2
0.446435 332
0.001116 1916
0.058218 116
38.121148 39
0.273977 59
1.813809 2
0.053644 65
0.000539 7
0.005413 61
0.010818 27
0.000190 18
0.006691 821
1.193311 25
0.003380 70
0.505100 25
0.002162 76
0.038268 25
0.000870 62
0.039600 25
0.000263 46
0.040166 25
0.000300 46
0.426312 25
0.000268 46
0.203063 25
0.000588 46
0.171179 25
0.001808 71
0.180857 25
0.002887 85
0.200720 25
0.001672 61
0.332095 25
0.000130 26
0.525571 25
0.001945 70
0.871620 24
0.100318 61
1.055147 23
0.000152 94
0.512108 33
0.305286 85
0.202695 33
0.505883 49
0.039730 33
0.042470 33
0.040430 33
0.040420 33
0.040429 33
0.040432 33
0.040441 33
0.040481 33
0.040347 33
0.040446 34
0.040438 33
0.041748 51
0.040589 33
0.039518 40
0.041861 33
0.040443 33
0.040481 33
0.040371 33
0.040410 33
0.042087 34
0.039720 33
0.039522 33
0.040415 33
0.141526 33
0.172812 33
0.396237 33
0.171851 33
0.171791 33
0.176576 33
0.161135 33
0.230184 76
0.505367 76
0.040328 76
0.042462 76
0.040696 76
0.040523 76
0.040169 75
0.040283 74
0.161894 274
0.214165 76
0.131344 76
0.242500 82
0.112162 76
0.191993 76
0.608514 75
3.850515 40
0.100999 17
0.000197 35
0.441086 22
0.000124 33
0.181768 1
0.194034 1
0.364004 1
0.761068 1
0.000102 14
0.000192 13
0.025791 18
0.002943 62
0.002803 116
0.610892 15
0.171869 54
0.535797 2
0.709981 9
0.001262 116
1.371849 39
0.202183 59
1.457516 2
0.050339 72
0.004995 51
0.000817 10
0.013431 27
0.000951 18
0.008163 914
5.097078 24
0.000223 41
0.251451 23
0.000259 45
0.891297 22
0.000143 88
0.519274 30
0.232605 111
0.449660 30
0.786685 34
0.082941 34
0.070743 46
0.121283 33
0.165517 34
0.351994 34
0.182196 78
0.526055 34
0.143594 34
0.963917 34
0.212210 34
0.151611 34
0.204325 34
0.478296 34
0.093410 48
0.505658 34
0.375234 58
0.101701 33
0.381278 41
4.072725 30
0.161370 30
0.696899 49
1.188599 51
0.213185 40
0.617495 40
0.532360 42
0.100973 18
0.000361 40
0.380490 23
0.000744 33
0.183017 1
0.182208 1
0.201990 1
0.406265 1
0.000115 14
0.000162 13
0.007513 18
0.002914 33
0.000129 29
0.002854 116
0.517722 15
0.141492 54
0.483155 2
0.727159 9
0.001255 116
3.167326 1
0.172810 1
0.547803 4
0.753969 39
0.141415 59
0.667261 2
0.051395 72
0.004381 51
0.000776 10
0.012599 27
0.000347 18
0.006199 698
1.345377 25
0.000148 43
0.133146 25
0.000249 43
0.416170 25
0.000241 50
40.494797 25
0.000298 49
0.191587 25
0.000385 43
0.181470 25
0.000294 43
0.183637 25
0.000229 43
1.867039 25
0.000259 43
0.211917 25
0.000258 43
0.171632 25
0.000548 43
0.142931 25
0.000274 49
0.840489 25
0.000142 26
0.680022 25
0.000378 49
0.171386 25
0.000247 43
0.181667 25
0.000253 43
0.174566 25
0.000265 43
0.940471 25
0.000256 43
0.183691 25
0.000218 43
0.131131 25
0.000218 46
0.191804 25
0.002000 63
0.151631 25
0.001223 54
0.512117 23
0.000151 91
0.326434 33
0.173672 33
0.161790 33
0.214136 33
0.213282 33
0.384948 32
0.801466 31
0.578047 31
1.884892 125
1.087163 29
1.923809 34
0.084773 34
0.139503 34
0.232455 34
0.131554 56
0.755977 34
0.058219 47
0.427034 33
1.012796 57
0.252618 64
0.174708 57
0.080074 58
0.212374 57
0.151484 57
0.224801 57
0.121113 57
0.100824 57
4.789499 67
0.101833 72
0.527256 58
0.657051 59
0.092385 59
0.131988 59
0.100183 60
0.213249 59
0.112211 59
0.293379 59
1.471270 65
9.787876 59
0.191230 59
0.729858 59
9.737976 65
0.902352 50
0.425231 36
0.263771 33
0.151717 33
0.507511 33
0.040083 33
0.040411 34
0.040376 33
0.040540 33
0.045442 51
0.039415 33
0.040033 40
0.039682 33
0.040440 33
0.040392 33
0.040420 33
0.040413 34
0.040430 33
0.040405 33
0.040430 33
0.040554 33
0.040464 33
0.041280 33
0.040489 32
0.040312 31
0.416327 31
0.777997 107
0.101043 109
0.641773 30
2.525206 30
0.303108 30
0.658938 33
0.195065 32
3.749942 71
0.114201 60
0.214407 34
0.201326 40
0.142987 33
0.181896 33
0.131337 33
0.182914 33
0.121412 33
0.201964 32
0.406288 31
0.407202 31
0.159270 72
0.147838 36
0.229400 33
0.507321 33
0.040481 33
0.040383 33
0.040430 33
0.040547 32
0.315231 31
0.219869 57
0.518793 29
0.264787 31
0.355829 31
0.251200 51
0.123653 36
0.203089 34
0.507288 33
0.040395 33
0.040623 33
0.040230 33
0.040412 33
0.040446 33
0.040494 32
0.687785 57
0.184199 36
0.153985 34
0.494716 33
0.040439 33
0.040434 33
0.040560 33
0.040265 33
0.042455 33
0.041424 32
0.040408 31
0.040329 1
0.335040 31
0.209424 57
9.861465 30
0.224921 33
0.506588 33
0.040187 33
0.040356 33
0.040403 33
0.040451 33
0.040409 34
0.040419 33
0.040609 33
0.040221 33
0.042428 33
0.181960 33
0.181849 33
0.153591 33
0.163492 33
0.170926 33
0.342538 44
0.508112 44
0.040280 44
0.040436 44
0.040414 44
0.040780 44
0.040146 44
0.040349 44
0.042828 33
0.039983 45
0.040567 44
0.040430 33
0.040330 44
0.040410 44
0.040385 44
0.161879 44
0.182894 32
0.212118 31
0.285403 100
1.005686 36
0.293020 37
12.848037 42
0.100978 18
0.000258 40
1.078783 23
0.000135 33
0.548609 1
0.171799 1
0.374930 1
0.628478 1
0.000101 27
0.026769 18
0.002597 33
0.000127 29
0.003045 116
0.487853 15
0.174784 54
0.666107 2
0.739709 72
0.000759 17
0.001982 23
0.000358 116
6.554724 39
0.353710 59
2.877314 2
0.048084 72
0.004656 51
0.001238 10
0.011340 27
0.000187 18
0.007360 727
0.893320 25
0.000248 50
0.222093 25
0.000255 49
0.234202 25
0.000254 43
0.920692 25
0.000235 46
1.105504 23
0.000172 94
0.205054 33
0.353431 52
1.187374 41
0.906992 59
0.476890 33
0.508137 33
0.100221 34
0.151313 36
0.173215 33
0.141543 33
0.151765 33
0.184716 33
0.222383 33
0.243587 32
0.446755 33
0.819806 44
0.120972 54
1.121836 42
0.101025 18
0.000201 37
0.958761 23
0.000165 27
0.000799 6
1.884275 1
0.184916 1
0.333542 1
0.751031 1
0.000299 27
0.006889 18
0.002540 33
0.000123 29
0.003290 116
0.638709 15
2.162083 54
0.411421 2
0.720481 2
0.001593 116
1.017404 39
6.960885 59
0.747064 2
0.049217 72
0.006154 61
0.015023 13
0.000390 32
0.006687 734
2.850356 25
0.000277 43
0.201790 25
0.000216 46
0.183135 25
0.000188 46
0.140998 25
0.000245 46
0.303170 25
0.000255 46
0.173605 25
0.000223 46
0.538586 25
0.000250 46
0.181724 25
0.000250 46
0.213053 25
0.000242 46
0.151428 25
0.000304 46
0.171555 25
0.000251 47
2.200686 23
0.000132 35
0.003703 51
3.080887 23
0.000472 94
0.539399 34
0.365814 34
1.092567 42
0.283061 42
0.133512 42
1.018355 42
0.101005 18
0.000234 40
0.503582 23
0.000133 33
0.293073 1
0.204297 1
0.343860 1
0.364890 1
0.000142 27
0.039596 18
0.002612 33
0.000131 29
0.002466 116
0.465582 15
0.161751 54
0.465301 2
0.710129 2
0.002338 116
1.656070 1
0.202074 1
0.407512 1
0.354996 1
0.446869 2
0.259634 25
0.013905 116
2.824643 4
0.345865 43
1.024476 46
1.045507 43
0.192108 59
0.444047 2
0.050307 72
0.004427 51
0.000962 10
0.010230 27
0.000188 18
0.007628 739
2.476609 25
0.000292 43
0.201527 25
0.000246 49
0.173662 25
0.000245 50
0.212139 25
0.000250 43
0.173763 25
0.000391 46
3.408386 25
0.000271 46
0.445654 25
0.000251 49
1.381039 25
0.000269 49
0.487096 25
0.000225 46
0.171722 25
0.000242 47
0.214141 25
0.000248 46
0.171605 25
0.000271 46
0.151431 25
0.000250 46
0.415359 25
0.000258 49
1.398613 23
0.000173 24
1.086794 23
0.000146 94
1.968759 35
1.045184 35
0.194192 30
0.601677 36
0.455017 33
0.508774 33
0.042561 51
0.041203 33
0.039109 41
0.039833 33
0.040576 33
0.040498 33
0.040218 33
0.222451 33
0.163836 33
0.406522 33
0.919454 59
0.112921 48
0.113366 30
0.377253 37
0.242584 36
2.586629 36
0.183919 37
0.162851 30
0.244397 57
0.658328 1
1.118505 67
0.435663 43
0.169728 30
0.182111 37
0.164691 36
0.222547 36
0.284089 35
1.542689 64
0.661399 17
0.000212 23
0.100129 18
0.003829 35
0.692965 22
0.000164 33
0.323359 1
0.163788 1
0.293214 1
0.355834 1
0.000134 27
0.007263 18
0.002771 62
0.002836 116
0.334685 15
0.161787 22
0.605891 2
0.214425 25
0.013895 116
0.404610 4
0.153030 19
0.416398 22
0.343996 43
0.433738 2
0.817464 34
0.000189 20
0.001614 116
14.874370 39
0.194156 46
1.288451 43
0.659301 46
0.173892 19
1.092290 2
0.050759 65
0.000546 7
0.004961 51
0.000416 10
0.011794 27
0.000253 18
0.009993 763
0.929523 24
0.002206 62
0.159508 24
0.000249 41
0.151480 24
0.000254 41
0.193915 24
0.000219 41
0.232527 24
0.000242 41
0.153330 24
0.000382 41
0.151293 24
0.000343 41
0.604423 22
0.000136 87
0.571144 29
0.257242 57
0.171644 33
0.139261 1
0.093774 51
0.200607 33
0.222383 33
0.143552 33
0.141593 33
0.406466 33
0.161780 33
0.141562 33
0.152595 34
0.151663 33
0.364154 55
1.004596 44
0.979309 42
0.100977 18
0.000217 40
0.328312 23
0.000123 33
0.132310 1
0.181983 1
0.477221 1
0.356952 1
0.000131 27
0.010869 18
0.000148 15
0.001688 47
0.003778 116
0.340200 15
0.142620 54
0.575443 2
0.732078 35
0.001298 116
75.772901 39
1.653598 59
0.690306 54
0.852075 59
0.615515 2
0.050502 39
0.005768 94
0.016065 27
0.000341 18
0.007380 750
0.734330 25
0.000261 43
0.172502 25
0.000271 49
0.171508 25
0.001691 66
0.160034 25
0.001586 74
0.162252 25
0.001237 61
0.392746 25
0.000270 46
0.203932 25
0.000258 46
0.171499 25
0.000261 47
0.172536 25
0.000253 46
0.161526 25
0.000376 46
0.151157 25
0.000220 46
0.345468 25
0.001852 69
1.994245 23
0.000145 94
0.144156 61
1.370273 61
0.101521 61
0.284359 48
2.035379 48
0.580079 33
0.475902 34
0.242649 34
0.173704 33
0.141509 33
0.142594 57
0.151956 33
0.710275 33
0.467054 33
0.221438 48
0.640644 57
0.505977 33
0.039815 48
0.041831 33
0.040415 33
0.040429 34
0.040421 33
0.040440 33
0.040437 33
0.040654 33
0.040257 33
0.040580 33
0.040184 33
0.041602 51
0.040381 33
0.042363 41
0.039367 33
0.040382 33
0.040446 33
0.040365 33
0.171810 33
0.151629 33
0.314294 32
0.507352 33
0.222146 64
0.142516 82
0.346865 30
0.161776 31
0.201870 30
0.375922 30
0.252731 33
0.163577 33
0.171918 33
0.161804 33
0.162487 34
0.376053 33
0.789533 55
0.040399 44
1.413335 18
0.000201 24
0.100828 18
0.000214 40
0.531167 23
0.000124 33
0.732454 1
0.161710 1
0.273801 1
0.567893 1
0.000098 14
0.000203 13
0.029758 18
0.003798 62
0.002568 116
0.403033 15
0.141466 54
0.422527 2
0.733920 74
0.001287 116
7.915891 1
1.501381 1
0.567024 1
0.943744 1
1.164990 4
0.296104 4
0.121245 4
0.885338 39
0.292913 59
0.524566 2
0.048462 72
0.004631 51
0.001384 10
0.011219 27
0.000230 18
0.005912 780
1.858404 25
0.000260 43
0.812282 25
0.000265 47
0.191782 25
0.000251 46
0.171592 25
0.000220 46
0.415190 25
0.000218 46
3.506625 23
0.000157 91
1.211391 33
0.432339 57
0.203996 55
0.580387 30
0.476964 33
0.182020 33
0.153520 33
0.182877 33
0.161758 33
0.152523 33
0.171855 34
0.151548 33
0.151553 33
0.143530 33
0.212291 33
0.222081 52
0.130989 50
0.202617 50
0.283497 52
0.954341 41
2.611891 42
0.100713 18
0.000251 40
0.331036 50
0.000212 6
0.121003 1
0.212241 1
0.415503 1
0.598109 29
0.123289 29
0.191994 29
0.244624 56
1.259208 50
0.000180 6
0.243338 1
0.171756 1
0.303231 1
0.406313 1
0.000279 27
0.007803 18
0.003661 62
0.007015 116
0.471406 15
0.162530 54
0.391663 2
0.724773 72
0.000192 17
0.001461 139
5.068648 39
0.272797 59
2.564160 2
0.049442 72
0.005210 51
0.000343 10
0.011747 27
0.000240 18
0.005746 767
0.721644 25
0.000247 43
0.181710 25
0.000263 49
0.164511 25
0.001692 66
0.139807 25
0.001098 58
0.180805 25
0.000262 46
0.152401 25
0.000219 49
0.151400 25
0.002032 70
0.220596 25
0.003583 96
0.586424 24
0.002543 95
0.270336 25
0.001397 72
0.891048 25
0.002361 70
0.219915 25
0.001384 65
0.506917 25
0.000225 46
0.040161 25
0.000260 46
0.040262 25
0.000626 46
0.040715 25
0.000258 46
0.040275 25
0.000312 46
0.040028 25
0.000249 46
0.040162 25
0.000252 47
0.040207 25
0.000269 46
0.161478 25
0.000283 46
0.183565 25
0.000250 46
0.171566 25
0.000255 46
0.282748 25
0.000348 46
0.261484 25
0.000252 46
0.141289 25
0.000219 44
0.529186 24
0.000219 46
0.749748 23
0.000155 91
1.574439 33
0.484250 120
0.141233 117
1.586259 40
0.100983 17
0.000259 35
1.171582 22
0.000128 33
0.830680 1
0.184838 1
0.943047 1
0.871155 1
0.000113 14
0.000177 13
0.054066 18
0.002942 62
0.003553 116
0.522204 15
0.222459 54
0.505564 2
0.744997 12
0.000187 24
0.002565 116
14.731885 2
0.000143 1
0.209285 41
1.541207 59
0.696486 2
0.050250 39
0.001746 33
0.004556 51
0.000341 10
0.012898 27
0.000228 18
0.005764 760
0.830650 24
0.000263 41
0.203832 24
0.000218 41
0.191833 24
0.000232 41
0.171600 24
0.000241 41
0.234221 24
0.000244 42
0.252406 24
0.000334 41
1.168068 24
0.000225 41
0.191774 24
0.000243 42
0.161400 24
0.000247 41
0.182671 24
0.000242 41
0.191823 24
0.000255 41
0.161445 24
0.000213 41
0.143310 24
0.000250 41
0.181690 24
0.000217 41
0.161490 24
0.000257 41
0.153355 24
0.000251 41
0.151388 24
0.000564 41
0.171212 24
0.000401 44
0.202730 23
0.000261 43
0.252417 23
0.000255 43
0.365518 23
0.000259 43
0.356534 23
0.000276 43
1.445254 22
0.000240 42
0.288360 23
0.003293 43
1.515596 21
0.000130 98
0.304058 21
0.000180 84
0.081429 29
0.191853 29
0.091378 29
0.244185 29
0.121269 29
0.080959 29
0.527546 37
0.142827 37
0.151286 37
0.141720 37
0.141790 37
0.163195 37
2.465055 29
0.242548 29
0.101064 29
0.143667 29
0.104732 29
0.208368 29
0.131691 29
0.104625 29
0.140998 30
0.516182 29
0.141455 37
0.133403 37
0.363849 37
0.355757 29
0.151559 29
0.080941 29
0.163732 30
1.095668 48
0.101180 40
0.377457 29
0.535490 39
0.110900 39
0.194053 39
0.151611 39
0.094795 39
0.127513 39
1.534959 29
6.097542 31
0.159415 57
0.189781 45
0.177508 37
0.173925 30
0.172364 36
0.130931 30
0.186111 61
0.161638 53
0.180108 30
0.152828 30
0.181804 36
0.171844 30
0.173925 31
0.192100 30
0.171868 30
0.207566 61
57.396427 52
0.152052 30
0.151633 30
0.161827 31
0.162732 30
0.161832 36
0.151642 30
0.153700 30
0.183955 62
0.618300 52
0.517151 61
14.126708 53
0.243057 30
0.850164 33
0.153592 33
2.330825 48
0.620026 33
1.360876 33
0.242445 46
0.313473 46
0.791647 35
0.469364 33
0.779393 78
1.298992 34
0.101007 34
0.222401 34
0.122425 34
0.121194 34
0.121750 34
0.163288 33
1.125171 33
1.116207 33
12.805479 33
1.086782 34
0.113264 35
0.386355 34
0.497493 34
0.272998 45
0.141151 44
0.680141 34
0.101428 35
0.387990 34
0.727900 36
0.070422 35
0.141837 47
0.216183 33
0.159851 33
2.019180 34
0.243678 34
0.115093 34
0.177934 34
0.173893 34
0.323486 44
0.131307 34
0.093059 35
0.617893 34
0.201926 34
0.111183 34
0.133557 34
0.202079 34
0.171937 34
1.769419 30
0.141477 33
0.162908 31
0.171730 36
0.366100 36
0.860316 80
3.794481 34
0.232597 34
0.123205 34
0.262842 34
0.385174 34
0.202197 34
0.661117 35
0.304310 34
0.141435 34
0.253822 34
0.192102 34
0.194113 34
0.436757 34
0.404676 34
0.172495 34
0.121305 34
2.252384 35
0.589162 34
0.060745 34
0.212213 34
0.426541 34
0.904810 34
0.071622 47
1.512606 33
0.129767 57
0.082616 33
0.800059 41
0.507967 35
0.084673 101
0.872394 56
1.049350 44
0.508524 44
0.040487 44
0.040341 44
0.040976 44
0.040052 44
0.040310 44
0.040425 44
0.040439 45
0.152633 44
0.160445 33
0.163450 44
0.153257 44
0.162027 44
0.141783 44
0.183670 32
0.151402 31
0.365480 115
0.673639 62
1.033467 95
5.499787 34
0.151586 34
0.395756 44
0.141191 42
0.814168 34
0.084719 50
0.178124 38
0.375250 34
0.214297 34
0.131625 52
0.161705 33
0.670495 35
0.233920 34
0.080784 34
0.151570 34
0.366109 34
0.161770 34
0.117114 34
0.350130 44
0.142514 44
0.394570 44
0.285185 34
0.275068 34
0.142999 34
0.882480 34
6.870438 44
0.506656 44
0.040317 44
0.040600 44
0.040306 44
0.040490 44
0.042581 44
0.040548 45
0.040538 33
0.040169 55
0.040444 44
0.040381 44
0.232723 63
0.143487 47
0.313471 42
1.223416 55
0.181617 46
0.159890 29
26.247319 29
0.507534 29
0.040471 30
0.040456 29
0.042464 29
0.040428 29
0.040734 29
0.041988 55
0.039945 46
0.044918 29
0.034843 29
0.040505 28
0.040194 33
0.041488 49
0.172335 30
0.171679 28
0.507364 28
0.040437 28
0.040445 28
0.040477 28
0.367103 28
0.415641 28
0.331397 107
0.946848 28
0.314575 28
0.965659 28
0.607852 28
2.769482 29
0.070645 29
0.161776 29
0.101166 29
0.184107 29
0.141534 29
0.101138 28
0.446963 28
0.131858 37
0.131049 37
0.142625 37
0.141494 37
0.151769 37
0.143584 37
0.497803 73
1.055744 29
0.020149 45
0.182073 32
0.091049 29
0.235554 29
0.140917 43
1.552473 28
0.466368 29
0.151702 31
0.101148 30
0.163882 30
0.192217 30
0.131521 30
0.133515 30
1.172111 30
0.042647 43
0.372500 29
0.767701 53
0.103280 53
0.181898 53
0.172027 54
0.101219 53
0.163802 53
0.151700 53
0.354949 58
0.588914 53
0.071535 53
0.903355 58
0.141584 58
0.874611 53
0.100484 53
0.599424 42
2.404978 32
0.090713 32
0.122039 44
1.141571 52
0.252863 29
1.582960 29
0.444689 53
0.357089 43
0.417994 52
0.646525 53
0.192871 54
0.122594 53
0.080901 53
0.335931 29
1.172993 44
0.149922 43
0.425677 29
0.306753 98
0.222305 101
0.495203 47
0.280046 30
2.153088 33
0.121410 33
0.202128 33
0.143674 33
1.075042 42
0.182045 42
0.238904 42
0.339542 40
1.138773 33
0.131524 33
0.090957 51
0.121445 32
0.660571 33
0.212028 32
1.116602 32
0.141916 42
0.273678 32
0.862700 33
0.078086 46
0.433075 32
0.291235 56
0.997420 56
0.323629 56
0.202492 57
0.184836 56
0.121478 56
0.327735 32
1.198893 61
0.123196 47
0.545071 32
0.377136 100
0.182517 106
0.464595 47
0.970915 32
2.764773 31
0.192169 30
0.649461 30
0.235661 33
0.321778 116
0.276065 33
0.891760 33
0.091091 33
0.060986 45
0.101098 32
0.243600 33
0.030869 33
0.171446 33
1.127768 34
1.309956 41
0.304418 33
0.602584 69
0.180976 51
0.952001 34
0.095024 34
0.127498 34
0.661848 44
0.141430 34
0.607800 34
0.174099 34
1.450376 34
0.204307 35
0.406943 34
0.466109 44
0.141505 45
0.406548 44
0.172012 34
0.721153 44
0.152814 34
0.202227 35
0.781954 61
0.714484 94
2.902381 34
0.081136 34
0.305264 34
0.364140 44
0.245808 34
0.192213 34
0.426108 34
0.094635 34
0.718416 44
0.171836 44
0.121382 34
0.141631 58
0.721188 33
0.830951 35
0.068867 47
0.362944 33
0.212418 57
0.527983 57
0.132361 57
0.293662 57
1.940126 57
0.323652 57
0.105007 57
0.099347 57
0.759693 57
0.315707 58
0.629968 65
0.242864 58
0.051520 57
0.578691 64
0.333894 57
0.163844 57
0.101185 57
1.352151 68
0.073782 73
40.151967 76
0.476057 52
0.408774 61
0.192346 76
0.242676 79
0.181633 47
0.181622 33
0.153018 36
0.141497 36
0.512191 62
0.038606 47
0.039678 36
0.041775 62
0.040766 53
0.038481 36
0.040518 36
0.042868 114
0.039203 89
0.040604 81
0.040545 78
0.040205 81
0.040503 81
0.043421 93
0.040300 104
0.039182 75
0.038855 29
0.040478 29
3.128110 29
0.205409 29
0.626148 31
2.884705 34
0.141809 34
0.182039 34
0.589989 34
0.161852 34
0.141966 34
0.245732 34
0.252926 44
0.152814 44
0.121439 44
0.182147 34
0.285488 34
0.111371 34
2.276469 35
0.122707 47
0.426626 33
0.374361 57
0.335995 57
0.080975 57
0.081122 57
0.141464 57
0.214610 57
0.436031 57
0.233547 57
0.173991 57
0.141935 58
0.182297 57
0.256425 33
0.514979 49
0.761390 68
0.344329 49
0.358882 57
0.508976 33
0.040129 48
0.039958 34
0.040840 33
0.040093 33
0.040451 33
0.040511 33
0.040467 33
0.040471 33
0.040467 33
0.040495 33
0.042415 51
0.040406 34
0.040309 40
0.039765 33
0.040468 33
0.040512 33
0.040454 33
0.172027 33
0.143716 32
0.829583 55
0.126907 55
0.138364 55
0.090585 55
0.151764 55
0.309563 55
0.137692 55
0.551936 34
0.506966 33
0.040552 33
0.040323 33
0.040601 33
0.042389 33
0.041495 50
0.040884 33
0.039534 41
0.040031 33
0.040624 34
0.040348 33
0.040458 33
0.040631 33
0.040347 33
0.040476 33
0.040433 33
0.042509 33
0.042322 57
0.040019 33
0.039486 49
1.490694 34
0.131578 34
2.181744 34
0.123351 34
0.101244 34
0.141619 34
0.599198 34
0.521460 42
0.100999 18
0.000267 40
0.523269 23
0.000252 33
0.193734 1
0.202427 1
0.223813 1
0.232634 1
0.000124 14
0.000178 13
0.005591 18
0.003058 33
0.000130 29
0.002776 116
0.428140 15
0.172106 54
0.577825 2
0.500521 343
0.001154 1627
0.005280 315
0.104443 116
2.661388 39
0.131653 59
0.353129 2
0.059389 65
0.000843 7
0.004713 61
0.011900 31
0.000504 14
0.011888 727
0.381276 25
0.000368 47
0.638112 24
0.000309 49
0.214263 25
0.000247 46
0.507757 25
0.000274 46
0.041315 25
0.000203 46
0.040273 25
0.000208 46
0.040288 25
0.000275 46
0.040161 25
0.000285 46
0.040112 25
0.000258 47
0.527104 25
0.000219 47
0.189181 25
0.000248 47
1.118009 23
0.000155 94
0.591965 34
0.150984 77
0.947815 42
0.100497 18
0.001472 40
0.228990 23
0.000126 33
0.384400 1
0.174062 1
0.263102 1
0.385514 1
0.000104 14
0.000182 13
0.032474 18
0.002607 33
0.000125 29
0.002598 116
0.300655 15
0.141637 54
0.425068 2
0.504958 343
0.000931 1627
0.077936 116
15.122409 39
0.212490 59
1.053638 2
0.052409 65
0.000595 7
0.004457 51
0.000395 10
0.014563 27
0.000372 18
0.013874 744
0.382848 25
0.000892 62
0.507088 24
0.002842 71
0.037597 24
0.001986 66
0.038423 25
0.000259 49
0.040432 25
0.000250 50
0.042196 25
0.000272 49
0.041165 25
0.000391 43
0.040080 25
0.002225 70
0.038162 25
0.001306 64
0.039229 25
0.000225 49
0.040209 25
0.000268 49
0.040244 25
0.002395 72
0.038083 24
0.002305 65
0.038184 25
0.000198 49
0.040288 25
0.002129 66
0.038337 24
0.002411 63
0.038062 24
0.000264 47
0.041297 24
0.008246 65
0.032191 24
0.007336 132
0.033141 23
0.001626 117
0.038891 23
0.003104 170
0.037379 24
0.002469 124
0.038579 23
0.001708 152
0.038203 24
0.002476 155
0.038004 24
0.002085 143
0.587077 24
0.001602 65
0.182450 24
0.001047 62
0.292498 24
0.000119 25
0.365271 24
0.002192 68
0.226667 47
0.248789 23
0.000120 23
0.323744 23
0.002721 88
0.517495 25
0.000143 26
0.161723 25
0.000145 25
0.171980 50
0.151736 25
0.000141 25
0.173933 51
0.758153 23
0.000168 95
0.207890 33
0.342356 1
1.198824 49
0.997708 68
0.667092 49
1.201158 1
0.693105 59
3.870326 38
0.100675 17
0.002496 34
0.327531 21
0.000125 33
0.183963 1
0.222762 1
0.326967 1
0.283308 1
0.000125 27
0.005955 18
0.002643 33
0.000153 29
0.002737 116
0.427466 15
0.164005 54
0.768155 2
0.514054 343
0.001353 1294
0.075273 116
0.835142 39
0.507058 59
0.040453 54
0.040442 59
0.040493 54
0.040501 59
0.040583 54
0.040374 59
0.040444 54
0.040498 59
0.042491 54
0.040569 59
0.040350 54
0.040531 59
0.172049 54
9.861099 1
0.212552 1
0.182173 1
0.764008 4
0.121478 4
0.506992 4
0.040692 4
0.040248 4
0.040451 4
0.042575 4
0.040334 4
0.040500 4
0.040472 4
0.040452 4
0.040518 4
0.040543 4
0.040420 4
0.040485 4
0.040544 4
0.040428 4
0.040441 4
0.040467 4
0.042629 4
0.040373 4
0.040609 4
0.040369 4
0.040396 4
0.040494 4
0.040503 4
0.040407 4
0.040548 4
0.040455 4
0.040480 4
0.040433 4
0.041495 4
0.040449 4
0.040456 4
0.040487 4
0.040457 4
0.040442 4
0.040483 4
0.040467 4
0.040486 4
0.040452 4
0.040509 1
0.176957 4
0.232704 19
1.662536 2
0.052230 72
0.004588 51
0.000854 10
0.011484 27
0.000223 18
0.007734 982
1.956772 24
0.001535 60
0.211902 24
0.000167 25
0.700108 24
0.000257 41
0.698157 22
0.000153 87
0.703193 29
0.347069 31
0.592265 33
0.107168 33
0.326854 63
0.407160 33
3.124744 67
0.070354 42
0.091092 42
0.121416 57
1.122138 42
0.101045 18
0.000378 37
0.840234 23
0.000127 33
0.204253 1
0.202361 1
0.437091 1
0.863054 1
0.000101 14
0.000181 13
0.005579 18
0.002870 33
0.000158 29
0.002643 116
0.874772 15
0.162850 54
0.707423 2
0.914887 4
0.001318 116
48.005434 39
0.151759 59
1.916692 2
0.050829 72
0.004466 51
0.001438 10
0.012294 27
0.000189 18
0.006454 978
1.571575 25
0.000584 47
0.375762 24
0.000264 49
0.508706 25
0.000408 45
0.040015 25
0.002684 72
0.037778 24
0.002120 89
0.038341 25
0.002949 90
0.037653 24
0.002596 61
0.037794 24
0.002040 47
0.038600 25
0.000380 48
0.041084 25
0.000334 43
0.040052 25
0.000301 43
0.040135 25
0.000218 46
0.040367 25
0.000269 43
0.040183 25
0.003636 72
0.038224 24
0.003875 65
0.037934 25
0.000804 43
0.036805 25
0.001050 107
0.039427 25
0.000807 124
0.040322 25
0.001201 99
0.038511 25
0.000481 91
0.039977 25
0.000799 132
0.039704 25
0.000552 91
0.042225 25
0.000489 91
0.039648 25
0.003137 114
0.037863 24
0.003060 113
0.036891 24
0.000427 91
2.111109 25
0.000375 46
0.507498 24
0.002778 71
0.037849 24
0.002259 65
0.038010 25
0.000217 43
0.040250 25
0.000246 44
0.040526 25
0.000294 43
0.040360 25
0.000251 43
0.039716 25
0.000266 45
0.042226 25
0.000253 43
0.040225 25
0.000261 43
0.040234 25
0.000223 43
0.040349 25
0.005078 71
0.035443 24
0.002323 64
0.038008 25
0.000270 43
0.040331 25
0.000225 44
0.040067 24
0.000255 41
0.040205 24
0.000259 41
0.040230 24
0.008805 64
0.031797 24
0.006878 146
0.033475 23
0.001553 117
0.040983 23
0.003470 167
0.037657 24
0.002115 124
0.037679 23
0.001907 152
0.039054 24
0.000359 128
0.039553 24
0.000654 127
0.039884 24
0.000507 126
0.039923 24
0.000669 125
0.040104 23
0.000669 128
0.039586 24
0.000233 41
0.040142 24
0.000270 41
1.817972 24
0.000324 41
0.232391 24
0.000223 41
0.224400 24
0.000253 43
0.161773 23
0.000377 45
0.832375 24
0.000221 46
0.303325 24
0.000232 44
0.173820 24
0.000279 44
0.151672 24
0.001130 44
0.170675 24
0.000279 44
0.790169 24
0.000228 44
0.846748 24
0.000227 44
0.979352 23
0.100602 58
1.455678 22
0.000151 89
0.551247 32
0.456286 32
0.271260 62
0.171607 58
0.517994 57
1.251329 48
0.201736 64
0.113385 52
0.598022 48
0.212541 48
0.070932 66
1.022605 40
0.100993 17
0.000230 35
0.390461 55
0.204127 1
0.222656 1
0.406793 1
1.147716 1
0.000324 27
0.034819 18
0.002606 33
0.000130 29
0.003270 116
0.521322 15
0.193323 54
0.361410 2
0.855458 9
0.001921 116
45.412500 39
0.405802 59
2.991193 2
0.067979 72
0.005040 51
0.001831 10
0.011037 27
0.000255 18
0.011860 979
0.930163 24
0.000421 49
0.235256 25
0.000291 48
0.171839 25
0.002979 72
0.200286 24
0.002388 65
0.291030 25
0.004220 71
1.204100 24
0.000149 25
1.033117 22
0.000171 87
0.430637 29
0.446490 88
1.132748 77
0.374250 30
0.712232 46
0.070963 33
0.202688 30
0.243535 30
0.181982 44
0.314707 29
3.086580 30
0.986443 32
0.111091 31
0.121789 31
0.112027 31
0.151907 31
0.427720 41
0.222505 31
0.274195 41
0.081305 31
1.312439 31
0.093276 44
0.413268 30
0.580938 54
0.150288 54
0.186170 54
0.076906 54
0.105816 55
0.120245 54
1.275622 54
0.147384 54
0.615670 44
1.014334 33
0.061683 33
0.149387 45
0.113729 33
0.607570 44
0.286609 54
0.193116 54
1.398184 54
0.213480 54
0.162063 55
0.121244 54
0.326640 30
1.063645 46
0.086378 44
0.454159 30
0.380275 104
0.201801 106
1.583555 106
0.989750 48
0.103336 29
0.253303 29
0.394992 29
0.544656 31
40.675579 34
0.132707 34
0.070726 52
0.151377 33
0.286224 34
0.131341 34
0.770713 44
0.841062 33
11.499650 59
0.285335 30
1.997751 111
0.790394 111
0.176517 111
0.079467 111
0.170926 111
0.185972 112
0.061847 111
0.265166 111
0.827607 122
0.141622 122
0.134733 123
0.705090 112
0.189430 111
0.131754 111
0.602853 42
4.105856 33
0.154852 33
1.226142 35
0.385180 33
1.539848 35
0.354915 34
0.101318 34
0.131175 47
0.274280 33
1.065147 34
1.146492 34
0.739674 42
1.571845 34
0.619630 33
0.121673 34
0.526641 34
1.662337 34
0.233556 35
0.152456 34
0.100203 34
0.722154 34
0.211903 34
0.253712 34
0.151618 34
0.111257 34
0.414987 34
0.107244 47
0.546788 33
0.516628 33
0.252677 40
1.134207 42
0.133062 33
0.903647 33
1.924282 34
2.921439 34
0.649657 34
0.139645 34
2.058907 58
1.121827 64
0.133263 50
0.443607 33
0.253128 105
0.142410 107
0.397921 107
1.873106 50
0.353121 29
0.383690 33
5.587518 34
0.121425 34
0.080690 46
0.161673 33
0.387291 34
0.084797 34
0.127572 35
1.379260 45
0.162706 44
0.405272 44
1.572922 34
0.333246 34
0.104992 35
0.129585 34
1.400225 34
0.214786 42
0.363874 34
0.334761 80
1.401032 34
0.313843 34
0.242645 34
0.131473 34
2.322643 44
0.171780 44
0.141509 44
0.132357 44
0.141518 32
0.151563 31
0.266549 141
0.212458 44
0.325131 44
1.732290 34
0.224001 34
0.152037 34
0.131104 34
0.805551 115
0.131817 120
0.273618 33
0.843027 57
0.608351 33
1.226884 42
1.164251 74
1.479765 42
0.760565 34
0.262743 34
0.103109 34
0.111129 34
0.915697 115
0.102180 120
0.272924 33
0.672226 57
0.565479 57
0.252816 70
0.175236 33
1.152417 47
1.056596 68
0.880643 47
0.435144 34
0.233559 34
0.110922 34
0.092620 34
0.671414 115
0.104860 120
0.990649 33
0.403577 57
0.719537 57
0.496413 70
0.428800 33
1.073326 33
0.506431 43
0.039733 33
0.042014 50
0.040379 33
0.039578 39
0.039760 33
0.042170 33
0.041591 33
0.041126 55
0.042363 33
0.037648 43
0.039663 33
0.041981 50
0.040390 33
0.039815 39
0.039970 33
0.039891 33
0.040448 33
0.042868 59
0.040365 33
0.041443 33
0.039491 33
0.039640 36
0.039746 33
0.040387 33
0.040444 33
0.040452 33
0.040396 33
0.040625 34
0.061408 33
0.021400 33
0.040439 33
0.041297 33
0.212217 33
0.192176 33
0.720452 33
0.181888 33
0.183978 33
0.301020 98
0.141388 94
0.629692 94
0.141969 83
0.305764 99
0.344339 87
0.151989 83
0.333511 83
0.111603 101
0.631292 34
0.595846 33
1.987060 34
0.426500 34
0.850906 34
0.152721 34
2.698976 34
0.151795 34
0.639404 43
0.296344 1
0.808369 34
0.507255 80
0.739587 34
0.172895 34
0.841869 44
0.173186 44
0.161322 32
0.171835 31
1.135575 130
0.944172 37
5.069176 37
0.647547 80
1.267052 34
0.125073 34
0.078042 34
0.192050 34
0.618500 33
0.436513 34
0.111381 35
1.247787 34
0.191987 34
0.030771 34
0.151336 34
0.425270 34
1.068742 36
0.974931 36
0.404480 37
0.253724 36
0.333632 33
0.254561 36
0.222290 32
0.608384 33
1.076231 30
0.506340 30
0.040406 30
0.040444 30
0.040384 30
0.041997 48
0.040393 30
0.039822 37
0.039498 30
0.040435 31
0.040419 30
0.040479 30
0.040362 30
0.042409 30
0.040426 30
0.040454 30
0.040375 30
0.040579 30
0.040256 30
0.041518 30
0.040189 29
0.233605 29
0.220522 88
0.151578 83
0.143167 83
0.161026 99
0.153759 84
0.334427 83
0.536713 72
0.060755 72
0.151538 72
0.263900 84
0.307048 31
0.161683 29
0.161671 29
0.213288 30
0.233528 29
0.408224 57
0.396115 50
0.897235 31
1.966559 34
0.090981 34
0.154611 34
0.094866 34
0.117375 34
0.116260 58
0.299102 34
0.581762 42
0.100976 18
0.000270 37
0.718023 25
0.004027 72
0.928106 22
0.000287 88
0.471777 46
0.006421 55
0.681169 46
0.505442 98
0.040033 83
0.040900 155
0.040288 93
0.040271 114
0.040565 133
0.040604 131
0.041213 114
0.044402 97
0.037347 93
0.040477 108
0.040243 83
0.040407 75
0.040642 116
0.040391 75
0.040206 75
0.040409 75
0.040559 83
0.040269 75
0.293849 29
0.284819 1
2.512454 30
0.701096 39
0.220901 31
2.789067 34
0.141464 34
0.050602 34
0.152531 34
0.111158 34
0.161783 34
0.993182 34
1.074302 34
0.558788 34
0.709422 35
0.232511 34
0.002797 34
0.534710 44
0.151618 44
0.509078 34
0.090231 34
0.161694 34
0.151750 34
0.578938 44
0.162658 34
0.212206 34
0.243572 34
0.679992 34
0.102298 47
0.407277 33
2.205951 57
0.224400 57
0.115213 58
0.076901 57
0.101048 57
0.163738 57
2.067747 57
0.284480 57
0.102832 57
0.303949 57
0.110373 57
0.620402 33
0.249467 50
0.803404 69
0.220834 50
0.318271 42
0.100989 18
0.000273 40
1.495407 23
0.000143 33
0.326315 1
0.171766 1
0.455834 1
0.354725 1
0.000189 14
0.000172 13
0.006329 18
0.002997 33
0.000143 29
0.003301 116
0.464825 15
0.214406 54
0.726511 2
0.552709 407
0.001549 215
0.107297 116
5.487005 39
0.242523 59
0.515381 2
0.069301 72
0.006228 61
0.015612 31
0.000287 14
0.010697 748
0.497953 25
0.000281 43
0.152364 25
0.000266 47
0.211833 24
0.003282 71
0.168466 24
0.002654 66
0.150918 25
0.000250 49
0.151359 25
0.000297 49
0.151268 25
0.000421 49
0.324890 25
0.000254 43
0.212592 25
0.004854 70
0.157232 25
0.001511 64
0.505725 25
0.000287 49
0.041912 25
0.001323 49
0.039014 25
0.007823 72
0.032491 24
0.005774 65
0.035195 25
0.000515 50
0.039400 25
0.006916 64
0.033646 24
0.004619 63
0.035174 24
0.000352 47
0.040173 24
0.009895 65
0.030421 24
0.010851 123
0.029637 23
0.002907 155
0.037427 23
0.001535 168
0.039935 24
0.001173 149
0.039217 24
0.000530 92
0.039907 24
0.000571 99
0.039901 24
0.000709 137
0.039500 24
0.000622 99
1.093810 24
0.000447 45
0.505548 24
0.000304 44
0.040104 24
0.000423 44
0.039976 24
0.000298 44
0.040131 24
0.000300 44
0.040112 24
0.004901 67
0.035532 24
0.002933 76
0.038632 24
0.000154 25
0.040186 24
0.000145 24
0.040319 24
0.000258 24
0.040030 24
0.000139 24
0.040281 24
0.000145 24
0.040275 48
0.040399 24
0.000143 24
0.040296 48
0.040405 24
0.000145 24
0.214156 24
0.003226 60
0.240520 24
0.000371 45
0.505688 24
0.001964 63
0.038462 24
0.001649 55
0.038731 24
0.000434 44
0.039988 24
0.000293 44
0.040116 24
0.000299 44
0.040144 24
0.000363 44
0.041217 24
0.003047 59
0.037262 24
0.001580 51
0.038811 24
0.000294 44
0.040131 24
0.000299 45
0.040125 24
0.002696 63
0.037791 24
0.000317 25
0.040132 24
0.000145 24
0.423435 22
0.000331 93
0.339093 32
0.453874 1
2.178779 45
0.489970 40
0.101146 17
0.000476 39
0.561036 22
0.000145 33
0.274685 1
0.294092 1
0.344635 1
0.374858 1
0.000135 14
0.000179 13
0.006097 18
0.004226 62
0.003664 116
0.372702 15
0.173722 54
0.239600 2
0.588137 407
0.091864 116
4.800088 1
0.232428 39
0.183982 59
0.757068 2
0.063178 72
0.004693 51
0.001869 10
0.010669 27
0.000213 18
0.007895 933
0.329815 25
0.002914 67
0.626710 25
0.004707 90
0.248926 25
0.003099 62
0.199033 24
0.003753 70
0.361015 24
0.001997 65
0.850892 25
0.003496 72
0.158171 24
0.001984 61
0.190040 24
0.004313 65
0.148310 25
0.003391 89
0.178487 25
0.002723 66
0.241909 25
0.000194 26
0.435298 25
0.002116 65
0.171656 25
0.001499 55
0.180402 25
0.000277 47
0.151240 25
0.000306 46
0.344331 25
0.003226 67
0.189493 25
0.008672 79
0.214888 25
0.001391 61
0.170390 25
0.000283 46
0.133717 71
0.755243 25
0.000326 46
0.151185 23
0.000145 24
1.644003 23
0.000160 94
0.468867 33
0.403392 52
0.803292 49
0.216653 42
0.100975 18
0.000274 40
0.237454 23
0.000153 33
0.242384 1
0.253572 1
0.222307 1
0.599100 1
0.000165 27
0.005974 18
0.002933 33
0.000140 29
0.002946 116
0.507143 15
0.171753 54
0.616491 2
1.027815 9
0.000322 44
0.001449 116
17.793858 39
1.317418 59
0.473646 2
0.248029 133
0.053882 45
0.002003 933
1.431217 25
0.005739 67
0.472522 25
0.003170 66
0.181229 25
0.000573 46
0.209805 25
0.000288 49
0.812141 25
0.000298 50
0.684916 23
0.000161 94
1.238337 35
0.182436 35
0.717996 35
0.096759 35
0.179111 35
0.637621 36
0.755455 42
0.100859 18
0.000420 40
0.542297 56
0.425599 1
0.221905 1
0.459555 1
0.727757 1
0.000148 27
0.026735 18
0.003325 33
0.000149 29
0.003605 116
0.445937 15
0.193047 54
0.372049 2
1.405904 18
0.000195 49
0.003259 116
110.254279 39
0.222071 59
15.953351 54
0.598067 59
0.704934 2
0.063324 72
0.005146 51
0.001736 10
0.012873 27
0.000211 18
0.007548 939
1.452247 25
0.000305 50
0.495618 25
0.000329 50
0.164293 25
0.000285 49
0.171636 25
0.000368 48
0.353978 25
0.004089 72
1.431029 22
0.000188 87
0.431428 29
0.271634 89
0.737912 99
50.444103 29
0.428768 55
2.015545 46
0.751407 55
2.129745 131
1.333132 38
0.100989 16
0.000172 32
0.436254 23
0.000162 39
0.161387 23
0.000283 39
0.151091 23
0.000320 39
0.141087 23
0.000304 43
0.505750 23
0.000287 43
0.042116 23
0.000312 43
0.040433 69
0.040087 24
0.000235 41
0.040132 24
0.000294 41
0.040227 24
0.000426 41
0.039904 24
0.003665 70
0.036731 24
0.002775 61
0.037631 24
0.000247 45
0.040218 24
0.000302 45
0.040033 24
0.000242 41
0.040156 24
0.000286 41
0.040103 24
0.000280 42
0.040116 24
0.000282 41
0.041160 24
0.000276 41
0.041114 24
0.005189 71
0.267547 24
0.002891 62
0.959667 24
0.004484 71
0.518847 25
0.000149 25
0.233776 25
0.000308 24
0.709222 24
0.012485 65
0.219421 25
0.000697 44
0.264034 24
0.010874 67
1.035659 24
0.005887 58
0.227335 24
0.007890 71
1.167588 24
0.006313 62
0.315831 24
0.003211 67
0.342242 24
0.002177 65
0.534114 25
0.000251 44
1.196818 25
0.000299 44
0.353123 24
0.000327 41
1.277483 24
0.000426 41
2.023559 22
0.000148 6
0.996367 49
0.301633 65
0.336832 24
0.000903 41
0.180893 24
0.000270 42
0.172452 24
0.000550 41
0.140981 24
0.000345 41
0.201537 24
0.005076 71
0.187819 24
0.003811 62
1.272921 24
0.000736 126
0.646628 22
0.002647 263
2.228131 24
0.000248 45
0.303681 24
0.000273 41
2.269252 24
0.000282 41
1.711073 22
0.000394 103
0.050053 22
0.000311 22
0.120933 28
0.232408 22
0.000393 24
0.162260 25
0.001657 71
1.234408 28
0.548552 24
0.000956 26
0.365972 24
0.001822 69
1.269990 22
0.000315 60
0.042277 22
0.001731 144
0.120219 30
0.598510 39
1.285032 30
0.162625 30
0.132000 30
1.357852 42
0.201661 29
0.963487 30
0.212125 30
0.093479 30
0.374166 32
0.193016 31
0.212608 31
0.152909 31
0.212180 31
4.092159 31
0.317752 31
0.190672 31
0.162654 31
0.131058 31
0.130820 32
0.223813 31
0.839664 31
0.221790 31
0.255057 31
0.131064 31
0.120704 31
0.233301 31
0.152128 31
0.110401 31
2.001122 32
0.090685 44
3.495448 30
0.921713 54
0.183108 54
0.211683 54
0.203088 54
0.021940 54
0.231283 54
0.201719 54
0.568142 61
1.015238 54
0.091815 54
0.732456 61
0.138978 61
0.800497 54
0.069517 54
0.922840 44
0.545865 33
0.151529 33
0.102566 46
0.276047 54
0.221590 54
0.587110 54
0.209453 54
0.114528 54
0.096738 54
0.330738 30
1.651953 46
0.619130 123
0.200656 120
0.171584 117
0.828981 103
0.172278 103
0.123629 103
0.366551 99
0.730443 29
1.629077 64
1.026604 32
0.951043 50
1.309514 56
0.547430 48
0.279798 30
1.724768 1
2.016188 30
0.757843 39
0.293526 31
0.181823 33
0.224166 33
0.373620 33
0.837088 65
0.453674 34
0.232769 33
0.465139 110
1.155989 116
0.537872 33
0.181098 39
0.140889 33
0.456273 33
1.725210 70
0.451178 80
0.497812 33
0.385782 33
0.838275 80
0.316210 33
0.507921 33
0.041194 33
0.040389 33
0.040474 33
0.122775 50
0.152991 33
0.241721 40
0.160452 33
0.215035 51
2.228381 101
0.943387 93
0.322741 33
0.843427 91
0.494603 48
1.726265 52
0.518983 52
0.651631 63
0.385487 33
0.161439 33
0.192009 33
0.144295 49
0.151642 33
0.160750 40
0.154177 33
0.172386 51
0.302280 33
1.057654 74
1.414226 51
2.783373 33
0.517061 33
3.869350 34
0.303977 34
0.146581 34
0.098107 34
5.635543 34
0.485798 34
1.114435 43
0.415049 34
6.161037 80
0.952144 34
0.094732 34
0.228754 34
0.124228 34
0.211877 33
0.687843 34
0.162951 35
0.567700 34
0.355171 34
0.094692 34
0.077023 34
0.405112 44
0.171551 44
0.131474 44
0.134259 44
0.181744 34
0.607177 34
0.141215 34
0.061987 34
0.993488 34
0.161575 34
1.338467 34
0.105256 34
0.147178 34
0.131374 35
0.465627 34
3.380501 62
0.507583 81
0.039424 48
0.039007 100
0.039699 89
0.042092 174
0.044035 140
0.036682 140
0.039781 139
0.042524 149
0.040220 140
0.038763 103
0.040118 99
0.041845 128
0.039963 107
0.039549 81
0.040285 119
0.041100 116
0.039450 81
0.043529 93
0.039787 104
0.194700 95
0.170684 72
0.232424 50
1.030773 31
0.982153 34
0.034183 34
1.174487 34
0.504606 34
0.190536 34
0.123334 34
0.293912 34
0.161462 35
0.730923 34
0.617706 34
0.334852 34
0.170887 34
0.105952 34
0.108705 34
0.222149 34
1.004244 34
0.811376 34
0.200546 35
0.080813 34
0.184547 34
0.222068 34
0.180335 34
0.142200 34
0.841237 34
0.102781 47
0.396928 33
0.800560 57
0.280759 57
0.126269 57
0.097133 58
0.178664 57
0.227453 57
0.241162 57
0.122183 57
0.578019 64
0.213435 57
0.172480 57
0.211734 57
0.822177 57
0.505100 57
0.407427 42
0.100572 18
0.000881 55
1.507254 95
0.084111 51
0.451113 25
0.002288 61
0.666789 23
0.000310 95
0.803376 57
0.274974 64
0.355285 33
1.222363 49
0.621059 18
0.000176 24
0.100557 18
0.000342 40
0.441063 50
0.000229 6
0.223961 1
0.191879 1
0.394960 1
0.376754 1
0.000125 27
0.022734 19
0.003532 33
0.000146 29
0.003078 116
0.336895 15
0.152496 54
0.422326 2
1.036528 18
0.000217 73
0.001814 147
50.268566 39
0.223310 59
1.142523 2
0.060550 65
0.000775 7
0.006198 51
0.000374 11
0.011474 27
0.000230 18
0.015676 792
0.423909 25
0.000289 49
0.545292 25
0.001008 49
0.004200 72
0.038115 24
0.003328 71
0.037564 24
0.002673 67
0.037275 25
0.000288 49
0.040094 25
0.000288 49
0.040133 25
0.000286 49
0.040152 25
0.000295 49
0.040091 25
0.003424 67
0.037990 25
0.002357 66
0.038157 25
0.000409 49
0.040024 25
0.000244 49
0.040053 25
0.004394 72
0.036003 24
0.002693 66
0.037997 25
0.000306 49
0.424775 25
0.003043 65
2.297508 24
0.002938 63
0.716459 24
0.000148 25
0.191795 24
0.000145 24
1.598204 22
0.000179 92
0.573034 34
0.160730 60
0.129017 185
0.407650 57
0.355935 45
0.699210 75
1.094627 33
0.101057 33
0.344447 33
0.125035 33
0.280037 33
0.292965 33
0.255096 33
0.282392 34
0.537986 43
0.203071 34
0.568258 32
1.174094 33
0.426303 33
0.183342 33
0.759328 33
0.117915 33
0.198317 33
0.141450 33
0.768905 33
1.887334 30
0.275932 34
0.191784 33
0.182835 33
0.161604 33
0.171866 33
0.192861 33
0.497033 33
0.731280 57
0.364230 33
0.221609 48
0.667268 78
0.991985 34
0.315240 34
0.141081 34
0.335505 34
0.090966 34
0.223329 34
0.122678 34
0.302344 35
1.996932 45
3.173118 44
0.151367 44
0.202050 44
0.172760 44
0.172621 44
0.274236 44
0.343168 42
0.830371 31
1.077682 124
1.328123 34
0.598495 32
1.322418 34
0.244043 49
0.633791 33
0.809672 756
0.166158 819
0.300669 41
0.706128 44
0.174531 44
0.171161 44
0.089743 44
0.232364 44
0.144437 44
0.323296 44
0.435354 44
0.142539 44
0.393904 45
0.754413 36
0.255533 62
0.261847 45
0.210239 37
0.359148 62
0.444474 53
0.139797 36
0.314295 36
0.175167 62
0.206517 42
0.196140 30
0.233345 36
0.204067 36
0.221222 36
3.446519 36
0.507237 36
0.040399 36
0.040384 30
0.043302 59
0.039562 45
0.038360 36
0.042423 36
0.042819 62
0.040456 53
0.038090 37
0.042821 61
0.039621 46
0.038767 35
0.040522 35
0.042274 35
0.038339 31
0.042779 153
0.041219 160
0.040972 98
0.037891 80
0.668643 35
0.344549 32
0.172788 33
0.161746 32
0.212997 32
0.181817 32
0.508053 32
0.040385 32
0.040395 32
0.040590 32
0.040226 32
0.040417 32
0.042202 33
0.272780 32
0.454816 32
0.942468 32
0.212959 32
0.132862 32
0.615642 60
0.275023 32
0.162664 32
0.152540 32
0.805856 47
0.082887 47
0.181699 47
0.111159 48
0.530536 30
0.161959 87
0.193059 107
0.190719 82
0.671156 99
0.173081 97
0.464873 145
0.181211 156
0.163482 137
0.205779 80
0.553444 33
0.161661 32
0.475855 32
0.374505 57
0.121169 57
0.162594 57
0.273036 57
0.606876 47
0.193899 47
0.121243 47
0.294908 47
0.081079 47
0.232143 47
0.101086 48
0.885307 87
0.121451 125
0.183802 87
0.170948 89
0.183081 118
0.172147 109
0.181088 135
0.195207 91
0.183576 146
0.201686 140
1.448742 43
0.508998 59
0.038952 50
0.043166 60
0.038698 47
0.037798 33
0.040777 36
0.040310 33
0.040123 30
0.040441 31
0.040433 36
0.040628 35
0.049431 60
0.035758 48
0.035819 29
0.040500 33
0.040689 36
0.042035 33
0.041240 107
0.039990 104
0.045222 139
0.043049 157
0.038315 129
0.035836 118
0.039480 105
0.040308 89
0.040835 161
0.042406 108
0.038819 133
0.041312 151
0.042557 175
0.041161 140
0.039057 103
0.039139 99
0.040589 114
0.040137 89
0.041659 102
0.040102 137
0.042035 136
0.039461 139
0.043671 93
0.039378 104
0.039363 102
0.040474 65
0.039658 38
0.039123 35
0.059198 56
0.028111 47
0.033597 1
0.519665 56
0.153323 47
0.191626 36
0.223977 54
0.201739 69
0.378415 33
0.171000 40
0.169845 33
0.149841 33
0.314556 33
0.161623 33
0.183560 33
0.262387 34
0.140994 33
0.204102 33
0.171615 33
0.707280 75
0.141812 75
0.171208 75
0.254593 74
0.577812 64
0.153340 64
0.211420 64
0.222231 64
0.357184 64
0.171918 64
0.123671 64
3.141554 34
0.297181 61
0.333439 51
0.149277 30
0.161586 29
0.173918 29
0.161693 29
0.171386 35
0.163654 30
0.162913 30
0.160531 30
0.175752 60
0.159909 50
0.344853 30
0.344352 33
0.101961 33
0.170839 33
0.181826 33
0.495867 33
0.222010 77
0.042601 33
0.912107 33
0.159657 77
0.699780 66
0.287795 33
0.161550 33
0.152279 33
0.474834 33
0.750336 64
0.096322 64
0.168369 64
0.131267 65
4.766412 42
0.100986 18
0.000324 37
0.633854 23
0.000141 33
0.324663 1
0.192381 1
0.293094 1
0.467613 1
0.000177 27
0.026627 19
0.003599 62
0.006011 116
1.049288 15
0.385924 54
0.472853 2
0.613499 301
0.001360 310
0.098370 116
37.147638 39
0.415195 59
0.625427 2
0.057507 72
0.005709 51
0.001006 11
0.011528 27
0.000211 18
0.016316 1031
0.397628 25
0.001832 60
0.362848 25
0.001223 53
0.332199 25
0.000307 43
0.235054 25
0.000318 43
0.505748 25
0.001640 49
0.038737 25
0.000282 45
0.040109 24
0.004394 71
0.036042 24
0.003359 83
0.037031 24
0.002880 65
0.038005 25
0.000494 44
0.039409 25
0.000288 43
0.040116 25
0.000297 49
0.040112 25
0.000305 49
0.040098 25
0.000282 45
0.041164 24
0.000277 39
0.040064 23
0.005570 67
0.035205 23
0.003938 61
0.036161 24
0.000294 46
0.040566 24
0.000565 87
0.039453 24
0.000546 96
0.039820 24
0.001081 134
0.039331 24
0.000592 99
0.039715 24
0.000709 101
0.039876 24
0.000963 130
0.039307 23
0.002002 120
0.038490 23
0.000649 147
0.041650 24
0.002761 110
0.037650 23
0.002052 152
0.038353 24
0.001639 154
0.038757 24
0.001442 142
0.039242 24
0.000639 125
0.039615 24
0.000704 125
0.039597 23
0.000893 128
0.039544 24
0.000301 44
0.040080 24
0.000241 41
0.040171 24
0.000290 41
0.040117 24
0.000300 44
0.040362 24
0.000373 44
0.040819 49
0.040376 24
0.000142 24
0.283807 24
0.000440 44
0.202534 24
0.000301 44
0.151829 24
0.000818 41
0.170944 24
0.000868 41
0.140788 24
0.000578 44
0.224689 24
0.000547 43
0.150198 23
0.000256 45
0.273417 24
0.000293 41
0.262330 24
0.000320 41
0.182522 24
0.000300 41
0.171480 24
0.000256 41
0.171429 24
0.000449 41
0.163220 24
0.000256 41
0.172022 24
0.000591 42
0.150332 24
0.000300 41
0.234057 24
0.002272 64
1.483778 22
0.000183 88
1.177383 55
2.950582 55
0.171594 55
0.143107 55
0.617681 55
0.131273 55
0.263063 55
0.361473 56
0.208714 55
0.363281 55
2.670348 55
0.188492 55
0.222679 55
0.114162 55
0.281546 55
0.104121 55
0.230415 55
0.111120 56
1.441657 44
0.819698 35
0.508510 63
0.039921 46
0.044242 62
0.037101 53
0.042434 60
0.039795 47
0.042558 59
0.038752 69
0.465394 46
0.873929 62
0.446427 85
0.291652 42
0.712253 59
0.273149 30
0.329976 63
1.318840 56
0.304029 56
0.125482 57
0.219080 56
0.131742 56
1.804949 72
0.174493 72
0.174420 73
0.706336 57
0.251314 56
0.289397 56
0.155537 56
0.213947 56
0.233128 56
0.222462 56
2.610760 56
0.127257 56
0.246432 56
0.269739 57
0.141003 56
0.306363 56
0.099419 56
0.251794 56
0.095637 56
1.379183 77
0.505306 69
0.038494 45
0.039579 37
0.042453 36
0.040177 35
0.050483 60
0.037621 48
0.034041 103
0.042299 84
0.047078 112
0.033536 101
0.038098 107
0.040128 104
0.042696 139
0.042259 157
0.040534 129
0.040742 121
0.039781 105
0.039960 89
0.040932 161
0.042128 122
0.040766 140
0.038457 139
0.042460 149
0.040586 140
0.038022 103
0.040271 99
0.040857 114
0.041410 89
0.039671 81
0.040722 122
0.040648 116
0.454882 36
0.507426 36
0.040182 36
0.044158 62
0.038583 46
0.038448 36
0.040421 36
0.043865 62
0.038744 53
0.038613 37
0.061858 62
0.024261 46
0.038760 36
0.039746 36
0.043593 35
0.037126 31
0.048150 54
0.043032 69
0.034369 95
0.035777 80
0.040410 87
0.044868 129
0.040752 127
0.039100 121
0.038708 97
0.577553 28
0.342383 57
0.389526 29
0.183442 61
0.767149 55
0.131404 55
0.273100 55
0.409453 56
0.231336 55
0.134752 55
0.191348 55
0.212188 55
0.184665 55
0.212874 55
0.159361 55
1.125801 55
0.242383 55
0.161800 56
0.629458 55
0.106886 55
0.217519 55
0.121892 55
0.549167 74
0.506632 69
0.038395 51
0.039551 37
0.044257 61
0.040201 79
0.039310 47
0.039865 33
0.038232 36
0.040404 36
0.040428 36
0.042975 62
0.039941 46
0.038412 37
0.045324 62
0.040028 72
0.040000 113
0.039191 99
0.041557 114
0.038477 89
0.040408 81
0.041049 122
0.039988 116
0.040758 125
0.044349 93
0.041512 104
0.036181 81
0.039764 36
0.040437 36
0.040422 35
0.048150 56
0.038855 47
0.034082 1
0.475837 56
0.190423 47
0.328025 36
0.181756 36
0.527227 36
0.609565 57
0.384825 33
0.805533 48
0.197529 36
0.278406 58
0.280711 45
0.422969 34
0.176353 57
0.787228 70
0.131811 70
0.233299 70
0.182198 70
0.163162 70
0.248098 70
0.073668 70
0.215822 70
0.103561 71
0.746473 50
0.852173 58
2.473075 33
0.811169 33
0.437321 33
0.728869 59
0.464206 60
0.131415 59
0.161645 59
0.254604 59
0.132092 59
0.231237 59
0.082162 59
0.518879 45
0.670512 54
0.293376 48
0.221252 33
0.556821 33
0.191884 48
0.235791 57
0.722959 59
0.188597 45
0.844735 54
0.270009 75
0.419146 59
1.002653 75
0.099811 59
0.121639 45
0.711561 57
1.477493 59
0.171588 59
0.183190 60
0.131944 59
0.212591 59
0.031512 59
0.344196 59
0.150230 59
0.193113 75
0.123889 75
0.160861 75
0.121192 75
0.870750 59
0.122847 59
0.324538 59
0.415688 75
0.227118 59
0.607357 75
0.471374 59
0.192742 59
0.541055 75
0.157049 59
0.426672 59
0.050452 75
0.275352 75
0.394977 59
1.358798 42
0.101022 18
0.001161 55
1.200170 23
0.000146 33
0.182694 1
0.181844 1
0.475845 1
0.457556 1
0.000148 27
0.006774 19
0.003359 33
0.000145 29
0.003221 116
0.354047 15
0.181736 54
0.624439 2
0.580944 468
0.001383 2557
0.108816 116
1.168835 39
0.203067 59
1.739867 2
0.065187 72
0.005639 51
0.001236 11
0.012475 27
0.000212 18
0.021606 848
0.614783 25
0.000264 49
0.184560 25
0.000297 49
0.181577 25
0.000448 47
0.465906 24
0.007819 71
0.823008 24
0.003465 62
0.220017 73
0.253538 25
0.000304 47
0.151222 24
0.004398 71
0.197930 24
0.003511 66
7.206151 25
0.000838 50
0.504593 25
0.000282 49
0.040357 25
0.000296 49
0.039888 25
0.000292 49
0.293692 25
0.011416 67
0.496063 25
0.003346 66
0.036913 25
0.000283 49
0.041115 25
0.000292 49
0.040125 25
0.002910 72
0.037596 24
0.003087 65
0.037218 25
0.000309 50
0.040260 25
0.003606 65
0.036758 24
0.003212 63
0.037120 24
0.000303 47
0.040153 24
0.000298 47
0.040131 24
0.010268 133
0.030095 24
0.008918 189
0.031567 23
0.001717 164
0.039462 23
0.005060 197
0.035506 23
0.003483 107
0.036983 24
0.000692 92
0.039679 24
0.002492 122
0.037909 24
0.004108 167
0.036308 24
0.003159 110
0.037219 24
0.000830 114
0.039697 23
0.000760 109
0.039610 23
0.002166 156
0.038180 23
0.000842 168
0.039595 24
0.001124 167
0.039302 24
0.000424 92
0.039978 24
0.000583 99
0.039873 24
0.003793 159
0.038811 24
0.003872 146
0.037340 24
0.003114 117
0.037407 24
0.000940 130
0.039356 23
0.001850 120
0.220456 23
0.000293 43
0.212849 23
0.000256 45
0.182663 24
0.003839 65
0.146691 24
0.003804 88
0.179047 25
0.001153 63
0.160500 25
0.000264 50
0.191692 25
0.000287 49
0.173528 25
0.000289 48
0.171502 25
0.005180 71
0.166615 24
0.004153 61
0.179746 24
0.000247 41
0.171699 24
0.000491 47
0.475262 25
0.000309 43
0.161394 25
0.000287 43
0.163363 25
0.000301 43
0.141190 25
0.000291 43
0.354541 25
0.000249 43
3.736419 23
0.000229 196
5.547935 143
1.834535 23
0.000174 90
1.795198 41
0.428075 32
0.191736 29
0.198045 56
0.231008 51
0.393542 35
0.181829 36
0.175098 37
0.222019 36
0.227423 60
0.323331 82
0.394717 41
0.814826 57
0.241176 29
0.510627 61
0.037124 43
0.036389 29
0.040571 29
0.043489 29
0.039653 29
0.303251 30
0.193199 29
0.243484 29
1.842934 40
0.671946 31
0.193061 30
0.161953 153
0.183116 91
0.172338 146
0.152470 140
0.171010 134
0.191040 113
0.376267 112
0.424896 32
0.263769 29
0.181886 29
0.171801 29
0.174850 29
0.141410 29
0.293117 29
1.115326 40
0.884355 17
0.000221 23
0.100264 17
0.000588 33
0.493454 22
0.000240 33
0.282667 1
0.203309 1
0.323347 1
0.294084 1
0.000144 27
0.006579 19
0.004288 62
0.004320 116
0.434953 15
0.151250 54
0.534513 2
1.021539 116
2.832915 1
0.111164 1
0.141541 2
0.011280 63
0.001455 116
3.031051 1
0.104917 1
0.108454 1
0.323232 1
0.157153 1
0.158184 1
0.191728 1
0.603378 8
0.583096 2
0.059742 72
0.005123 50
0.001801 10
0.005703 27
0.000203 18
0.000732 1939
6.628594 22
0.100931 55
1.472429 23
0.000178 24
1.691011 22
0.100624 32
0.000497 23
0.181635 22
0.100385 54
0.629093 21
0.000401 32
0.364113 1
0.202117 1
0.406178 1
0.446440 1
0.000157 26
0.029067 18
0.004173 33
0.000146 29
0.002952 116
0.595796 15
0.213438 20
5.603859 4
0.151734 4
0.152403 1
0.569768 39
0.151817 59
0.665830 2
0.066394 65
0.000652 7
0.006385 62
0.012005 27
0.000265 18
0.011794 1093
1.427306 24
0.000334 47
0.505772 24
0.001855 68
0.038551 25
0.001915 66
0.038541 25
0.002052 72
0.039922 24
0.004551 66
0.035549 25
0.005436 72
0.034818 24
0.003407 61
0.037059 24
0.000988 47
0.039522 25
0.005030 73
0.036531 25
0.003582 61
0.035628 25
0.000480 49
0.039981 25
0.000544 50
0.044752 74
0.035480 25
0.000458 48
0.039917 25
0.005376 72
0.035079 24
0.004620 62
0.035702 24
0.001339 114
0.041182 24
0.000742 97
0.039573 25
0.005265 126
0.035165 25
0.001884 109
0.038538 25
0.000643 120
0.039747 25
0.001023 117
0.039413 25
0.004426 160
0.036081 24
0.007000 176
0.033319 24
0.004715 144
0.035688 24
0.002612 134
0.037814 25
0.000818 118
0.039612 25
0.000525 102
0.039934 25
0.001247 174
0.506486 25
0.005283 138
0.167039 25
0.003551 150
0.148293 25
0.000941 152
0.150310 25
0.003291 170
0.151351 24
0.002786 150
0.169006 25
0.001107 116
0.180749 25
0.000571 112
0.153318 25
0.004143 127
0.166260 25
0.000586 102
0.151024 25
0.000465 94
0.142918 25
0.003013 144
0.167924 25
0.000990 137
0.130218 25
0.001110 146
0.506887 25
0.008251 114
0.032081 24
0.009313 113
0.102774 24
0.001100 94
0.476359 72
0.970726 24
0.000310 49
0.827321 23
0.000181 95
0.368617 33
0.182246 33
0.507764 33
0.040539 33
0.040228 33
0.040389 34
0.040913 33
0.040903 33
0.040415 33
0.040406 33
0.040445 33
0.040400 33
0.040382 33
0.040404 33
0.042143 51
0.040605 34
0.039394 40
0.039523 33
0.040418 33
0.042554 33
0.040279 33
0.040462 33
0.181823 33
1.558237 78
0.141785 78
0.538833 33
1.225558 79
0.272844 79
0.122480 79
0.171443 79
1.024404 79
0.201993 79
0.132609 80
0.183801 79
0.257000 79
0.309637 79
0.516248 79
0.294033 79
0.256258 79
0.220432 79
0.080883 79
0.324321 79
0.182919 80
0.204552 79
0.301611 79
0.439510 79
0.202306 79
0.139139 79
0.215208 79
0.121467 79
0.536157 79
0.204193 79
1.094062 80
0.689929 79
2.099099 36
1.958110 57
0.506707 33
0.040258 48
0.038984 33
0.040318 33
0.040400 33
0.041560 33
0.041567 33
0.040196 34
0.040709 33
0.040122 33
0.040395 33
0.040442 33
0.040544 33
0.040289 33
0.040385 33
0.040418 33
0.040433 33
0.041683 34
0.040144 33
0.043260 51
0.039243 33
0.039635 40
0.039567 33
0.040341 33
0.040504 33
0.040357 33
0.040415 33
0.040404 34
0.040404 33
0.041720 33
0.042065 33
0.041561 33
0.302096 33
0.182916 33
0.202195 32
1.619540 70
0.225523 70
0.129508 70
0.426869 70
0.105797 70
1.261996 70
0.102984 70
0.838317 71
0.152536 70
0.699681 70
0.791836 78
0.150350 78
0.397590 33
0.798149 79
0.336234 79
0.162121 79
0.171446 79
0.367196 79
0.080771 79
0.221458 80
0.717798 79
0.060652 79
0.153601 79
0.121890 79
0.262554 79
0.143353 79
0.090538 79
0.141411 79
0.465852 90
0.184322 79
0.222810 79
0.244206 80
0.080806 79
0.323140 79
0.284510 90
0.150949 90
0.144859 91
0.151762 90
0.113065 90
0.715246 79
0.203967 79
0.094123 80
0.137575 79
0.084489 79
0.150775 79
0.192317 79
0.151349 79
0.091841 79
0.212200 79
0.297034 79
0.019622 79
0.636018 80
0.293137 79
0.325126 79
0.222217 79
0.872777 79
0.273805 79
0.201875 79
0.596960 79
0.205139 79
0.103769 79
0.109951 80
0.172980 79
0.088960 79
0.171779 79
1.156391 79
0.303460 79
0.103139 79
1.296208 90
0.191449 90
0.354730 79
0.820082 79
0.112356 79
1.266331 91
0.213263 79
0.293012 79
0.122465 79
0.484704 80
0.123224 79
0.153366 79
0.140792 79
0.384742 79
0.385638 79
0.231715 79
0.417648 33
0.507857 33
0.040595 33
0.040406 33
0.040324 33
0.041031 33
0.039037 34
0.040559 33
0.041030 33
0.040382 33
0.040410 33
0.040567 33
0.040262 33
0.040412 33
0.040433 33
0.040365 33
0.040582 34
0.040197 33
0.040459 33
0.040537 33
0.042240 33
0.040589 33
0.041436 33
0.040239 33
0.040408 33
0.040359 33
0.040421 34
0.041343 33
0.040344 33
0.040395 33
0.040527 33
0.040192 33
0.040456 33
0.202221 33
0.161699 33
0.423680 114
0.367430 33
0.507980 33
0.040308 33
0.040560 33
0.040392 33
0.040275 33
0.040461 33
0.040356 34
0.040411 33
0.040419 33
0.040422 33
0.055616 33
0.026241 33
0.040404 33
0.040424 33
0.040404 33
0.040450 33
0.040375 34
0.040475 33
0.040362 33
0.040402 33
0.040457 33
0.040374 33
0.043255 33
0.042014 33
0.039816 33
0.040372 33
0.041027 34
0.039799 33
0.040497 33
0.130714 33
0.172560 33
0.161756 33
0.161750 33
0.202934 33
1.053063 79
0.365141 33
1.096156 33
0.972945 33
1.011613 71
0.141482 70
0.649649 70
0.072910 70
0.163562 70
0.113287 70
1.059004 158
3.710236 36
0.304258 34
0.161475 33
0.183789 33
0.202983 33
0.151500 33
0.163990 33
0.181502 33
0.171875 32
1.304821 79
0.151311 79
0.558781 33
0.477899 33
2.290331 90
0.171751 89
0.749208 79
0.183633 79
0.131017 79
0.302438 79
0.050588 79
0.224202 79
0.141876 79
0.739014 80
0.151497 79
0.314958 79
1.227065 87
0.133987 87
0.343566 33
0.819163 88
0.202067 88
0.091825 88
0.162273 88
1.063937 88
0.133461 88
0.122117 89
0.280975 88
0.151540 88
0.082883 88
0.232406 88
0.121352 88
0.182997 88
0.314565 88
1.278779 99
0.193722 88
0.635555 88
0.173843 88
0.114865 89
0.087115 88
0.182454 88
0.102909 88
1.459275 88
0.182537 88
0.059969 88
0.171617 88
0.183569 88
0.120681 88
0.103158 89
0.211978 88
0.373792 88
0.153441 88
0.181846 88
0.002924 88
0.684999 88
0.165951 88
0.304648 88
0.678998 88
1.539186 89
0.211887 88
0.125319 88
0.123319 88
0.152355 88
0.087253 88
0.101511 88
0.738955 88
0.466843 88
0.112009 88
0.607202 100
0.123412 100
0.148123 88
0.722570 88
0.345368 89
0.152959 88
0.090659 88
1.011211 100
0.152550 100
0.161650 88
0.171957 88
0.660060 88
0.093384 88
0.190033 88
0.131624 88
0.205057 88
0.240741 88
0.293731 177
0.903900 97
0.456120 96
1.024872 33
0.484648 87
0.130780 87
0.252558 87
0.080868 87
0.751855 87
0.406723 97
0.220208 87
0.090973 87
0.641075 112
1.715313 42
0.100959 18
0.000284 37
0.631982 23
0.000272 33
0.265359 1
0.475734 1
0.556608 1
0.598043 1
0.000314 27
0.006872 19
0.003008 33
0.000146 29
0.003139 116
0.476299 15
0.161772 22
1.257765 22
0.586776 22
0.203872 18
0.506169 39
0.787040 2
0.719607 476
0.001538 1184
0.093276 116
4.812979 39
0.162835 59
1.415355 2
0.063112 72
0.005067 51
0.001961 11
0.016611 45
0.015068 1031
0.672232 25
0.000693 45
0.201399 25
0.000345 45
0.476303 25
0.000301 45
0.364506 25
0.000276 45
1.223342 29
0.152547 23
0.001195 97
2.948683 22
0.000178 88
1.521194 86
1.004269 79
0.141354 79
0.448659 36
0.201243 36
0.325200 33
0.363545 33
0.859847 70
0.161812 70
1.028296 42
0.101136 18
0.000541 37
0.542522 23
0.000169 33
0.222742 1
0.183132 1
0.343603 1
0.314592 1
0.000164 27
0.006630 19
0.004371 62
0.005155 116
0.484104 15
0.161906 54
0.502877 2
0.604763 476
0.001569 2799
0.008613 8192
0.021892 8192
0.022896 8192
0.023003 8192
0.022881 8192
0.017155 8192
0.022421 6081
14.168702 39
0.181916 59
3.363138 2
0.061570 65
0.000561 7
0.006018 62
0.013005 27
0.000258 18
0.015400 1035
1.213372 25
0.000252 49
0.445287 25
0.000299 49
0.788784 23
0.000239 91
0.641247 33
0.606191 90
0.183729 90
0.475653 95
0.954953 31
0.192611 1
0.819506 29
0.457832 29
0.404951 31
0.506161 33
0.040525 33
0.040232 33
0.040407 33
0.040402 33
0.042386 33
0.364747 33
0.152520 33
0.171875 33
0.230405 81
0.163094 81
0.171424 86
1.811034 29
0.402999 29
0.415254 33
0.505969 33
0.040385 33
0.040426 33
0.043311 33
0.039790 33
0.040618 33
0.040247 34
0.040440 33
0.040265 33
0.040424 33
0.040554 33
0.040104 33
0.040467 33
0.040175 33
0.040419 33
0.040388 33
0.041418 34
0.040456 33
0.040436 33
0.040316 33
0.040403 33
0.040396 33
0.040415 33
0.040376 33
0.040542 33
0.040300 33
0.040411 34
0.040735 33
0.041908 33
0.040608 33
0.040212 33
0.040446 33
0.039746 33
0.040414 33
0.041004 33
0.040442 33
0.040400 34
0.040743 33
0.040856 33
0.044194 33
0.036024 33
0.042227 33
0.041524 33
0.040652 33
0.039474 33
0.043423 50
0.039967 34
0.040451 41
0.037749 33
0.040458 33
0.040373 33
0.040600 33
0.040234 33
0.041430 33
0.040395 33
0.040419 33
0.040395 34
0.040218 33
0.030313 30
0.647694 33
0.507042 33
0.040398 33
0.040417 33
0.040394 33
0.041435 33
0.040390 33
0.041438 33
0.040424 34
0.040416 33
0.040475 33
0.040358 33
0.040376 33
0.141565 33
0.820514 34
0.337159 36
0.171727 36
0.486121 33
0.181671 33
0.821279 34
0.691698 42
0.100525 18
0.000319 40
0.391475 23
0.000154 33
0.213003 1
0.202757 1
0.263272 1
0.383580 1
0.000137 14
0.000184 13
0.006121 19
0.003016 33
0.000139 29
0.004840 116
0.384582 15
0.162361 54
0.515601 2
0.599025 476
0.100946 116
6.560101 39
0.191990 59
1.060744 2
0.059314 72
0.005400 51
0.001046 11
0.013529 45
0.017412 1034
0.302348 25
0.000309 49
0.263257 25
0.000317 49
0.456280 25
0.000322 49
0.343131 25
0.000461 46
0.505571 25
0.000259 46
0.040152 25
0.000264 46
0.040134 25
0.000320 46
0.041650 25
0.000300 46
0.039578 25
0.000946 46
0.041450 25
0.003520 70
0.036867 25
0.002412 62
0.038054 25
0.000354 46
0.040103 25
0.000259 46
0.040166 25
0.000338 46
0.039948 25
0.000311 46
0.040103 25
0.000299 46
0.040082 25
0.000307 46
0.040107 25
0.000308 46
0.040129 25
0.000292 46
0.040147 25
0.000347 46
0.042028 25
0.000266 47
0.040138 25
0.000301 46
0.040327 25
0.000403 46
0.039774 25
0.000298 46
0.040527 25
0.000461 46
0.039539 25
0.000289 46
0.040181 25
0.000261 46
0.040097 25
0.000291 46
0.040129 25
0.000264 46
0.040128 25
0.000294 46
0.040187 25
0.002781 63
0.037702 25
0.001947 54
0.039348 25
0.000289 46
0.040114 25
0.000294 46
0.041135 25
0.000292 46
0.040088 25
0.000309 46
0.040163 25
0.000429 46
0.039922 25
0.000296 46
0.232096 25
0.000295 46
0.374617 25
0.000274 46
0.748503 23
0.000145 6
0.131045 23
0.001812 139
1.811635 22
0.000176 87
2.070263 123
0.395677 33
0.507177 33
0.040433 33
0.040401 33
0.041537 33
0.040271 33
0.040653 33
0.040183 34
0.040410 33
0.040415 33
0.040663 33
0.040166 33
0.040455 33
0.040425 33
0.040395 33
0.040600 33
0.042211 33
0.041463 34
0.040528 33
0.040671 33
0.040109 33
0.040508 33
0.040381 33
0.041068 33
0.040804 33
0.044493 33
0.035990 33
0.039802 34
0.041402 33
0.040336 33
0.040268 33
0.040392 33
0.040419 33
0.040700 33
0.040118 33
0.040421 33
0.040452 33
0.041277 34
0.283018 33
0.486978 33
0.515609 70
0.141432 70
0.978595 42
0.100950 18
0.000495 40
0.661132 23
0.000144 33
0.263498 1
0.406143 1
0.416365 1
0.363375 1
0.000137 14
0.000186 13
0.007098 19
0.003046 33
0.000137 29
0.003409 116
0.464643 15
0.164775 54
0.310210 2
1.042091 116
0.825317 39
0.182013 59
0.203625 54
0.222171 59
0.194291 54
0.253111 59
0.374672 54
0.313140 59
0.334396 22
0.879654 2
0.062513 65
0.000598 7
0.005421 60
0.007350 27
0.000314 18
0.001847 1829
14.381163 22
0.101004 55
1.969290 21
0.000292 32
0.191644 1
0.252010 1
0.306066 1
0.325157 1
0.000146 26
0.008275 18
0.003174 33
0.000145 29
0.003507 116
66.097758 1
0.151535 1
0.171770 1
0.456810 1
0.161650 1
0.720538 2
0.000615 106
0.821070 1
0.112222 1
0.242471 1
0.183136 1
0.191831 2
0.000192 6
