0.072515 106
14.942871 1
0.146720 1
0.131693 2
0.009880 288
0.001213 106
1.483635 1
0.091213 1
0.161968 1
0.510291 1
0.360422 1
1.421716 1
0.141872 1
0.199262 2
0.000818 116
14.020835 1
0.050625 1
0.126561 1
0.521343 1
2.517159 1
0.511302 4
15.282760 1
0.232937 1
0.179200 1
0.243125 1
0.687482 4
0.523524 1
0.612922 1
0.232668 1
0.268487 1
0.283399 1
0.116517 1
36.496801 2
0.176809 65
0.002320 7
0.004202 60
0.023932 27
0.000316 18
0.001919 2029
0.000792 1560
2.551135 21
0.011440 84
15.026029 31
2.012199 29
0.081147 29
0.060645 29
0.203175 29
0.232197 29
0.126845 29
0.318994 29
1.255807 30
1.954694 48
0.080691 40
0.566780 29
0.487454 39
0.116651 39
0.162155 39
0.273142 39
0.268636 39
0.243005 39
0.248194 39
0.131788 39
0.670601 30
3.132973 40
0.321103 29
0.586486 29
0.111160 29
0.233130 29
0.157019 29
0.232744 29
0.111312 29
0.186298 29
0.657898 30
3.967923 48
0.071210 40
0.524843 29
1.794382 39
0.239631 39
0.132944 39
0.335901 39
0.264313 39
0.157430 39
0.283584 39
0.142153 39
0.608971 30
0.458239 40
2.842563 29
1.282044 29
0.141879 29
0.408297 29
0.050892 29
0.194770 29
0.116469 29
0.131393 29
0.294021 30
0.697373 48
0.131922 40
0.424669 29
0.301397 39
0.186354 39
0.131442 39
0.081050 39
0.249373 39
0.134052 39
0.148589 39
0.249384 39
0.552621 29
0.151920 29
0.187218 29
0.182273 29
0.222754 29
0.297056 54
0.320467 29
0.203160 29
0.171661 29
0.167949 29
0.202531 29
0.390252 29
0.742704 29
0.154905 49
0.407235 29
2.034226 40
2.807407 29
0.348443 29
0.121972 29
0.161477 29
0.141966 29
0.238152 29
0.151484 29
0.126773 29
0.235160 30
1.972966 48
0.107565 40
0.447765 29
3.228982 39
0.299876 39
0.233098 39
1.841534 49
0.163324 49
0.166190 49
0.162005 50
0.141523 41
0.167916 39
0.172625 39
0.151611 39
0.166257 39
0.171743 39
0.172427 39
0.198229 39
0.222898 39
0.372465 28
0.240183 37
4.321374 37
0.860398 29
0.162550 29
0.091175 29
0.121357 29
0.315228 29
0.010977 28
0.594317 28
0.161923 37
0.811821 48
0.142291 28
0.226767 29
0.131664 29
0.592723 31
1.133845 30
0.157070 30
0.735090 30
0.072700 30
0.266284 30
0.202078 30
1.554005 30
0.178310 40
0.615711 29
0.120409 29
0.125338 29
0.141768 29
0.886038 48
0.698796 28
0.273681 29
0.349452 29
0.278091 31
0.436479 30
0.166128 30
0.243030 30
0.218744 30
0.194326 30
0.500734 30
0.581158 40
1.189791 29
0.131815 29
0.091083 29
0.121906 29
0.257503 48
0.220124 28
0.433233 29
0.592625 29
0.268178 31
1.346758 30
0.148871 30
1.183097 30
0.308854 30
0.172969 30
0.687660 30
0.233018 40
1.083683 29
0.121479 29
0.126273 29
0.183382 29
0.191977 29
0.800982 37
0.182065 48
0.830351 28
0.243719 29
0.532902 29
1.543624 31
0.440136 30
0.161497 30
0.268202 30
0.248187 30
0.192394 30
0.125140 30
0.148398 30
0.064767 30
0.613585 30
0.263232 40
1.322543 29
0.121634 29
0.111133 29
0.136901 29
0.172150 48
0.172218 28
0.616698 29
0.511430 29
0.235019 31
1.614680 30
0.141486 30
0.546661 30
0.253268 30
0.291435 39
0.160839 39
0.060019 30
0.192561 30
0.607556 30
0.222957 30
0.151613 30
0.116484 30
0.530708 30
2.477816 42
0.824978 30
0.101074 30
0.116302 41
0.142131 29
0.232664 30
0.075949 30
0.167894 30
0.106507 30
1.524724 32
0.111723 44
1.425963 36
0.151378 44
0.501203 30
0.267040 78
0.491541 74
0.744601 43
0.696188 31
2.368363 34
0.151292 34
0.209594 34
0.123891 34
0.145581 34
0.171915 34
0.222888 34
0.226474 44
0.142971 44
0.100626 34
1.209783 33
0.132100 35
0.268243 34
0.324199 44
0.433145 34
0.210848 34
0.407463 34
0.199978 34
0.704247 78
2.166558 34
0.197501 34
0.196446 34
0.178230 34
0.130387 34
0.148472 34
1.832400 34
0.092921 35
1.107647 34
0.777966 36
0.222771 35
0.192871 35
0.100334 35
0.139325 35
0.132234 35
0.492777 33
0.989952 33
0.643995 34
0.080907 50
0.186746 39
0.202195 34
0.595390 34
0.700459 33
0.191296 33
0.162192 34
0.116381 33
0.364532 33
0.837341 39
0.087080 33
0.167517 34
0.129217 33
0.172079 33
0.206618 33
2.960216 78
1.311414 34
0.131613 34
0.196197 34
0.243454 34
0.161933 33
1.550920 34
0.151949 34
0.303651 34
0.501530 42
0.157021 42
0.356630 33
0.660117 43
0.087896 43
0.161934 43
0.239084 43
0.181954 43
0.172974 43
0.238291 43
0.125572 43
0.621074 44
0.358069 43
0.171726 43
0.873501 43
0.155702 43
0.092120 43
0.131444 43
0.480248 43
0.253608 43
0.166661 43
0.171584 44
0.115610 43
0.608546 43
1.280594 43
0.298915 43
0.552981 43
0.222290 43
0.183424 43
0.109617 43
1.973520 43
0.119656 44
0.881468 43
0.204896 33
0.201958 34
0.234746 33
0.244570 46
0.362647 34
0.171713 33
0.328252 33
0.329935 33
0.425547 33
0.164509 43
1.536016 43
0.104890 43
0.138622 43
0.039739 43
0.409688 43
0.277701 43
0.202648 44
0.191369 43
0.147662 43
0.294028 43
0.238122 43
0.314567 43
1.464483 33
3.392823 1
7.598252 33
0.387944 43
1.026266 54
0.271874 33
1.278563 34
6.599539 2047
0.002565 357
0.031986 2389
0.016089 2374
0.007806 2359
0.009040 2344
0.017468 2329
0.008411 2284
0.015613 2254
0.010648 2239
0.005619 2209
0.010987 2017
0.001502 177
0.019010 1989
0.001490 175
0.026459 2119
0.012781 2104
0.020792 1979
0.001378 65
0.017526 1974
0.001699 55
0.013866 1975
0.001169 39
0.018826 1984
0.019461 1954
0.012626 1939
0.029847 1924
0.085975 1939
0.033534 1954
0.021739 1969
0.039010 1984
0.009660 1999
0.030429 2014
0.018666 1974
0.001273 55
0.031364 2044
0.026754 1994
0.001636 65
0.045306 2074
0.094608 2024
0.000942 65
0.281250 2039
0.001311 65
2.866982 32
0.979794 33
0.428734 76
1.990402 33
0.167283 33
0.203764 33
0.002084 33
0.907752 43
0.173211 43
0.657280 33
0.446026 33
0.138243 55
0.784265 32
0.268789 33
0.123060 47
0.719935 33
1.123391 57
0.103010 56
0.131505 56
0.318614 56
0.891450 56
0.152153 56
0.181038 56
0.179284 56
0.110371 56
0.234365 56
1.283329 33
1.190966 61
0.115498 47
0.432308 32
0.215467 103
0.530161 105
0.471759 48
0.081617 28
0.712329 28
1.062178 32
1.331611 33
0.143481 49
0.437728 32
0.492210 33
0.112407 46
0.557378 32
0.663822 56
0.141703 56
0.101562 57
0.197784 56
1.336606 56
0.299948 56
0.224766 56
0.520170 94
0.155877 89
0.653855 46
1.142056 43
0.122045 43
0.253505 56
0.182266 32
4.758343 67
0.121387 52
0.633069 32
0.300039 106
0.651971 109
1.024235 50
1.388899 32
0.243405 33
0.156558 33
0.182509 33
0.212542 33
0.181773 55
0.670127 34
0.833343 62
1.019118 96
1.737107 33
0.289007 33
0.151793 33
0.381190 33
0.183104 33
0.201132 33
0.668219 34
0.420369 33
0.143078 33
0.124157 33
0.703624 33
0.435913 33
0.119522 33
0.252186 33
0.338350 33
1.402038 33
0.164727 47
0.626779 33
0.632440 57
0.155139 56
0.089185 56
0.227061 56
1.362661 32
0.518123 47
1.491788 78
1.686803 33
0.126570 33
0.183304 51
0.963898 33
0.133522 46
0.562943 32
0.528444 56
0.147325 56
0.150513 82
0.144510 56
0.080398 56
0.719627 56
0.823474 56
0.271002 69
0.501060 56
1.993302 56
0.644661 56
1.996837 56
0.152571 57
0.153706 56
0.212673 56
0.515250 56
0.150460 56
0.338895 56
0.180846 56
0.078032 56
2.103106 63
0.164665 63
1.564749 56
0.206680 56
0.226785 56
3.768890 67
0.180028 73
2.829303 56
0.972971 56
0.728114 56
0.163114 56
1.780020 32
2.757318 66
0.092302 52
0.861843 32
0.326506 106
0.511359 109
0.705250 50
1.079241 32
1.494272 33
0.132022 33
0.349242 51
0.801852 33
0.101367 46
0.563523 32
1.193627 56
0.110181 57
0.199869 81
0.361426 56
0.568331 56
2.049688 56
0.520950 69
1.015183 56
1.203141 56
0.351075 56
0.581105 56
0.124974 57
0.098166 56
0.196330 56
0.233092 56
1.086092 101
0.092765 82
0.417151 58
0.832704 58
0.266222 68
10.192156 56
0.753467 56
0.668866 56
0.140363 57
0.200632 56
0.219990 56
0.131328 56
1.474224 67
0.155027 72
2.176819 56
0.600126 56
0.539447 56
0.182808 56
1.152790 33
1.712659 67
0.061054 53
0.469895 32
0.335214 106
0.528466 109
0.669991 50
1.897629 32
0.325230 33
0.278537 33
0.162045 33
0.329877 33
0.242964 34
0.186268 33
0.325766 33
1.441508 33
0.103841 46
0.711197 32
0.934752 56
0.100413 56
0.589303 56
1.402137 63
0.804926 56
0.381980 56
0.150711 56
0.100011 56
0.198864 57
0.901042 66
0.133823 71
0.540629 57
0.368884 58
0.108475 58
0.133245 58
0.170814 58
0.159680 58
0.530887 111
0.100917 92
0.250022 111
0.016754 93
0.635963 58
0.172405 32
0.389540 47
1.800171 64
0.694382 48
0.155430 33
1.458696 60
0.351284 67
0.193348 71
0.490909 32
1.681352 48
1.613645 62
1.532674 137
1.111645 32
0.390396 32
0.202051 31
0.171939 30
0.255126 293
0.703152 70
0.399804 86
0.578915 96
2.944129 33
0.163010 49
1.404352 33
0.110943 46
0.286220 38
0.113455 47
0.849664 53
0.183398 62
0.266436 52
1.064420 33
0.305259 46
0.145346 60
0.647219 33
0.201956 48
3.088714 58
0.503262 59
0.488165 71
0.463641 63
2.711429 56
0.941302 69
2.280668 56
0.142001 56
0.259126 69
0.632278 32
0.189251 1
0.688406 1
1.808893 67
0.098792 54
0.959726 33
0.342017 106
0.447134 109
0.610911 50
14.824020 32
2.247730 33
0.020229 33
0.277369 33
0.222839 33
1.433644 33
0.283372 33
0.136580 33
1.124095 43
0.132367 43
0.633096 33
0.156521 33
0.993795 32
0.212547 33
0.104651 33
0.143068 33
0.213234 33
1.193840 33
3.342721 62
0.999325 96
2.985867 33
0.142007 33
0.081134 33
0.217624 53
3.814822 53
0.121518 54
0.370368 33
0.279247 129
0.460891 132
0.551138 50
1.951634 33
0.101373 33
0.212547 33
0.175882 33
1.797524 32
0.247315 34
0.193746 32
0.002254 33
0.500341 41
0.141728 41
0.320368 32
0.159469 42
0.545225 32
2.731810 33
4.154361 42
0.100437 57
0.786613 23
0.000637 33
0.458886 1
0.161978 1
0.603457 1
0.000242 182
1.512939 139
0.100986 61
1.435631 56
0.738919 1
0.274304 1
1.003198 1
0.359304 1
0.000274 14
0.000116 11
0.027160 24
0.002780 62
0.022530 116
24.985665 1
1.278260 4
102.308632 1
0.848638 1
0.131600 1
0.574071 1
0.621548 1
0.409929 1
0.693159 1
0.228118 1
0.121384 1
0.491147 1
0.121762 1
0.126106 1
2.890555 1
0.232123 1
0.321654 1
1.495426 4
0.511231 4
0.040552 4
0.040478 4
0.045540 4
0.040480 4
0.040525 4
0.040515 4
0.040653 4
0.040470 4
0.042297 4
1.101737 1
0.361424 1
0.222720 1
0.410228 1
0.398871 1
1.914720 1
0.612368 1
0.298010 1
0.152565 1
0.202537 1
1.463171 1
1.751628 1
0.262935 1
0.831370 1
0.293617 1
0.422704 1
0.139901 1
1.475661 1
0.599809 1
0.271676 1
0.192556 1
0.310419 1
0.172202 1
0.197457 1
0.940694 17
1.671799 13
0.404145 3
0.151890 3
0.153687 3
0.166690 3
0.160587 3
0.172870 3
4.927619 1
0.491056 1
0.151894 1
0.178680 1
1.376221 1
0.125546 1
4.327267 1
0.197359 1
0.232888 1
0.420220 1
0.604664 4
0.327901 1
1.262495 1
0.642464 2
1.042284 359
0.002932 542
0.130807 116
4.705211 33
0.288024 51
1.553229 2
0.073336 72
0.007325 49
0.000388 10
0.016032 45
0.009301 901
4.127825 23
0.000203 93
2.247657 32
0.244862 32
3.206749 133
1.494543 59
0.818354 56
0.203064 32
0.349203 33
0.212338 32
0.188586 32
0.172043 32
0.177379 32
0.161507 32
0.162440 53
0.161884 52
0.178205 51
0.273172 234
1.324963 32
0.214125 32
0.438173 32
0.215952 61
0.684758 43
1.263835 62
0.511349 79
0.040111 52
0.039385 35
0.043712 62
0.039274 52
0.039299 35
0.039684 33
0.040498 29
0.042952 62
0.039337 53
0.041778 62
0.048504 88
0.039069 45
0.036468 34
0.040594 34
0.054351 59
0.035398 42
0.032460 112
0.870129 28
0.402505 72
1.230086 28
0.173668 28
0.103914 28
0.153063 28
1.195743 47
0.892899 27
0.162478 28
0.491789 28
0.379035 30
0.283576 28
0.371044 29
0.176310 29
0.817931 28
0.399880 28
0.129381 40
0.710193 28
0.161892 28
1.755191 29
0.158281 29
0.334138 29
0.156639 29
0.450710 29
3.052988 17
0.001218 23
0.099231 17
0.000360 33
0.812391 22
0.000178 33
0.277176 1
0.222866 1
0.339371 1
0.725023 26
0.007048 18
0.003052 62
0.003196 116
1.240199 13
0.307923 46
1.001290 2
0.818588 269
0.092360 116
3.026958 33
0.237052 51
0.590383 2
0.076783 72
0.004366 59
0.017478 45
0.012909 983
0.711917 25
0.000206 44
0.492863 24
0.002548 40
0.507638 24
0.000802 40
0.039800 24
0.000364 40
0.040036 24
0.000357 40
0.242681 24
0.000351 46
0.511146 25
0.003522 45
0.036971 25
0.000246 47
0.040466 25
0.000376 42
0.039871 25
0.000267 42
0.045343 25
0.000471 42
0.042555 25
0.000349 47
0.039650 25
0.000293 42
0.040212 25
0.000360 42
0.040204 25
0.000266 42
0.040182 25
0.000362 43
0.041850 67
0.038816 25
0.000359 42
0.507504 23
0.000184 87
0.792747 28
0.334076 28
0.177636 32
0.212280 32
0.151876 32
0.299268 85
0.194396 100
0.449064 1
0.259174 105
0.332376 32
0.188521 32
0.243205 29
0.278459 32
0.192188 32
0.186569 33
0.232872 32
0.337009 57
3.596371 42
0.100384 18
0.000354 36
1.818137 23
0.000200 33
0.887880 1
0.227799 1
0.409089 1
0.551869 1
0.000251 25
0.007294 18
0.004427 62
0.003760 116
1.602305 13
0.243374 46
0.746156 2
1.200193 44
1.939710 1
0.081031 1
0.070913 1
0.248331 2
0.000152 4
2.987008 1
0.784741 1
0.135625 1
0.435325 2
0.000254 8
2.947463 1
0.121799 1
0.136416 1
0.243225 1
0.146603 1
0.592509 16
4.481435 2
0.001142 118
0.583957 33
1.453000 51
0.529504 2
0.067289 39
0.003272 33
0.003964 49
0.000386 10
0.014882 27
0.000313 18
0.009160 892
150.059869 25
0.002267 66
0.199111 117
0.209603 25
0.001505 65
0.721631 72
1.768029 23
0.000156 90
0.609358 61
0.187657 52
0.188863 34
0.202353 35
0.207698 30
2.751306 62
0.204585 1
0.685545 53
0.271994 32
0.170624 57
0.160986 32
0.171889 40
0.154379 32
0.172243 32
0.193698 60
0.168888 32
0.232447 44
0.530386 78
2.053414 63
3.423935 50
0.160095 28
0.200954 28
0.281719 28
0.071272 28
0.143644 28
0.192150 28
0.157915 82
0.162000 28
0.181889 29
0.185811 28
0.324271 59
1.396128 49
0.565549 38
1.687763 1
0.695254 28
0.332066 55
0.174786 32
1.785008 1
0.542162 49
0.373339 59
0.198918 32
1.270236 1
0.414597 52
0.311579 59
0.189638 32
0.387811 48
0.241279 29
0.301347 56
0.363592 52
0.226682 34
0.204892 56
1.962780 52
0.170228 34
0.198377 35
0.383977 61
2.898871 40
0.104383 52
0.722890 22
0.000163 33
0.632301 1
0.562693 1
0.647804 1
0.263094 1
0.000136 14
0.000209 11
0.035188 18
0.003271 62
0.003287 116
1.179274 13
0.212626 46
0.530457 2
1.086731 44
1.007696 1
0.511228 3
0.759483 1
0.090980 1
0.141717 1
0.259023 2
1.254230 1
0.339282 1
0.242845 1
0.562839 2
0.637614 1
0.151934 1
0.131596 1
0.247930 1
0.172272 1
0.131352 2
0.620751 1
0.128331 1
0.141714 1
0.182308 1
0.179220 2
0.397729 1
0.141702 1
0.244400 1
0.267890 1
0.182363 2
0.879531 1
0.192346 1
0.247951 1
0.151902 2
0.739920 1
0.137306 1
0.333666 1
0.090939 1
0.234599 1
0.449006 2
0.713374 1
0.127268 1
0.252438 1
0.187205 1
0.092116 1
0.323882 2
0.759261 1
0.329172 1
0.152080 1
0.255033 1
0.487805 2
0.741017 1
0.306487 1
0.152998 1
1.503321 2
0.835870 1
0.207828 1
0.081339 1
0.283258 1
0.226797 1
0.273077 1
0.689444 2
1.022506 1
0.344378 1
0.189151 1
0.162029 1
0.369488 1
0.263207 1
0.369451 2
0.961577 1
0.141659 1
0.126606 1
0.313779 1
0.667952 3
0.161944 3
0.851378 1
0.445592 1
0.287387 1
0.329034 1
0.153038 1
0.130434 1
0.462753 2
0.980966 1
0.561905 1
0.237850 1
0.182142 1
0.222788 1
0.258084 1
0.164174 1
0.154651 1
0.491099 2
0.714381 1
0.182156 1
0.116433 1
0.232681 1
0.257443 1
0.171693 1
0.141776 1
0.642714 2
1.089156 1
0.161982 1
0.192552 1
0.289265 1
0.263190 1
0.167946 1
0.141805 1
0.360378 2
0.765137 1
0.216673 1
0.111470 1
0.273305 1
0.127475 1
0.293599 1
0.167041 1
0.182279 1
1.002295 2
1.064716 1
0.125344 1
0.274508 1
0.173143 1
0.130473 1
0.269361 1
0.160841 1
0.176255 1
1.544960 2
0.584366 1
0.119945 1
0.460382 2
0.000242 117
0.003508 116
555.110985 33
0.410108 51
0.653103 1
0.202512 1
0.339277 1
0.192354 1
1.177866 13
0.151919 9
1.014058 2
0.075514 72
0.011010 60
0.015469 45
0.000412 2011
0.000682 989
7.989202 21
0.000181 6
0.131450 21
0.000172 23
0.584975 23
0.000144 24
1.809342 21
0.000263 83
1.166117 30
0.115242 28
0.493758 27
1.838446 27
4.653889 30
0.391572 30
0.121625 30
0.145503 30
0.172535 30
0.232490 30
0.148434 30
0.130319 54
0.942454 48
0.331431 28
1.664343 38
0.121300 38
0.212477 38
0.349613 38
0.186370 38
0.232941 38
0.279145 38
0.181712 38
1.063386 48
0.172149 38
0.271001 29
1.011797 39
2.153798 28
0.369589 28
0.162092 28
0.152061 28
0.135173 28
0.243431 28
0.121049 28
0.228784 28
0.572954 29
1.705986 47
0.137401 39
0.411900 28
0.672218 38
0.111147 38
0.162086 38
0.469687 38
0.370206 38
0.279892 38
0.172590 38
2.728505 48
0.167058 48
0.151835 48
0.141741 48
0.165703 48
0.203815 48
0.399536 48
2.391373 39
0.145192 38
0.152427 38
0.247327 38
0.131863 38
0.192323 38
0.945184 28
0.153034 28
0.266974 28
0.192335 28
0.197509 28
0.270880 53
0.272355 28
0.232745 28
0.438977 28
0.182210 28
0.350430 28
0.206536 28
0.631706 39
14.190177 36
0.570662 28
0.101157 28
0.162088 28
0.167103 28
0.002585 28
0.650203 36
0.172044 36
0.247723 28
0.142224 47
1.270234 27
0.113090 28
0.271340 28
1.169110 30
0.409987 29
0.162075 29
0.407401 29
0.090709 29
0.116332 29
1.573212 29
0.196811 39
1.236354 28
0.110477 28
0.135636 28
0.162291 28
0.080869 47
0.821118 27
0.232978 28
0.267064 28
0.253177 30
1.064953 29
0.155871 29
0.455231 29
0.141463 29
0.537889 38
0.593567 29
0.182652 29
0.167636 29
0.553315 29
1.144178 39
0.899797 28
0.131607 28
0.122587 28
0.187337 28
0.131331 47
0.736072 27
0.206518 28
0.253257 28
0.269755 30
0.878180 29
0.122922 29
0.567428 29
0.207608 29
0.461049 29
0.146690 29
0.817472 29
0.488530 39
0.601164 28
0.136996 28
0.161928 28
0.121489 28
0.271886 36
0.150645 36
0.132354 36
0.150787 36
0.535631 28
0.131807 28
0.094588 28
0.148004 28
0.157486 47
0.743647 27
0.121779 28
0.891883 28
0.318247 30
1.326611 29
0.167070 29
2.055657 29
0.212570 29
0.162053 29
0.227675 29
0.152003 29
1.073089 29
3.149224 39
0.308328 36
0.738183 28
0.132579 28
0.079357 39
0.257864 27
0.232944 28
0.071088 28
0.161710 28
0.116440 28
0.653606 30
0.112266 42
1.771009 34
0.121754 42
0.892896 28
0.311431 76
0.492126 73
0.648886 41
0.320971 30
5.873654 33
0.149350 33
0.171812 33
0.760777 33
0.160099 33
0.258368 33
1.736324 33
0.101516 34
0.381961 33
0.447105 35
0.172006 34
0.227592 46
1.076050 32
0.159674 32
0.629571 32
0.150434 43
0.161430 48
0.161707 43
0.167499 44
0.272403 43
0.953574 33
0.121843 34
0.411035 33
0.719401 35
0.141501 34
0.289554 46
0.563183 32
0.353023 32
0.639307 33
0.093284 33
0.204490 33
0.365941 33
0.154870 33
0.153208 34
0.455822 33
1.453735 32
0.125495 33
0.407984 47
0.119657 47
0.479174 32
0.763353 56
0.860677 63
0.572126 69
0.182833 56
0.136162 69
0.171373 56
0.294530 56
0.705423 63
0.153068 63
0.196315 69
0.872906 63
0.202145 56
0.459946 69
0.173374 57
0.170661 69
0.189325 56
0.149174 69
0.182190 56
0.160111 69
0.182214 56
0.348255 69
0.406839 56
1.031679 69
0.127900 57
0.252064 69
0.120665 56
0.472148 69
0.158734 69
0.500618 32
1.561541 48
0.430139 76
1.593123 33
0.104777 33
0.077371 51
0.881507 33
0.060777 46
0.574154 32
0.477335 56
0.131525 56
0.126568 81
0.183840 57
0.096094 56
0.201972 56
0.284960 56
0.611987 63
0.257952 56
0.333780 63
0.216636 56
0.224419 69
0.596391 56
2.510445 56
0.210514 56
2.872174 56
0.490396 56
0.074378 57
0.225279 56
0.397450 56
0.232452 56
0.115886 56
0.274238 56
1.697541 56
0.214565 56
0.122309 56
0.175667 56
0.203832 57
1.532725 67
0.194327 72
2.413857 56
0.380388 56
0.561188 56
0.121203 56
2.852802 56
0.246055 56
1.042432 58
1.371198 67
0.513326 63
0.179417 63
0.341020 32
0.356599 1
1.083697 61
0.122205 47
0.511533 32
0.197032 103
0.480428 105
0.469373 48
0.619826 32
2.799409 33
0.090810 33
0.261021 33
0.315882 33
0.142278 33
0.152758 33
0.167385 34
1.303326 58
0.123603 63
0.382604 32
0.828109 56
0.245251 32
2.873323 40
0.410889 33
0.132652 33
0.245655 33
0.253926 33
0.211764 33
0.156676 34
0.242971 33
3.766441 58
0.092208 63
0.392368 32
1.022633 56
0.272159 32
0.820099 1
1.373684 40
0.237726 41
0.173887 1
0.427868 33
1.195952 78
0.585815 33
0.161926 33
0.172508 33
0.197119 33
1.375410 32
0.290401 33
0.151604 34
0.155764 32
0.562193 33
0.080838 33
0.171596 33
0.239836 33
0.150896 33
0.100571 33
0.216310 33
1.268325 58
0.084467 64
0.357695 33
0.632454 57
0.320176 32
1.903601 40
0.156717 33
0.389698 33
0.091065 33
0.162303 33
0.177043 33
1.224188 33
1.201101 61
0.534288 79
7.390003 40
0.100685 17
0.006267 33
1.053067 22
0.000178 33
0.268020 1
0.142261 1
1.193677 1
0.608220 1
0.001318 25
0.004607 24
0.002193 62
0.003578 116
0.804894 13
0.269361 46
0.541211 1
0.510065 1
0.040464 1
0.430154 3
0.202321 3
0.341123 3
0.846671 1
0.164829 1
0.510561 1
0.042660 1
0.038282 1
0.040559 1
0.040399 1
0.420018 3
0.161842 3
0.167107 3
0.192170 3
0.161960 3
0.347259 7
0.330910 1
0.182167 1
0.511881 1
0.040522 1
0.040452 1
0.040917 1
0.040053 1
0.045516 1
0.040484 1
0.040598 1
0.262990 1
0.520561 3
0.170547 5
0.124769 5
0.134429 1
0.202655 1
0.200160 1
0.150887 1
0.510901 1
0.040457 1
0.040485 1
0.040669 1
0.045574 1
0.040305 1
0.040527 1
0.040543 1
0.040302 1
0.182126 1
0.410744 3
0.178430 5
0.167058 5
1.174697 2
0.597244 318
0.087571 116
2.885450 33
0.269292 51
0.497958 2
0.060625 39
0.002462 33
0.003001 49
0.000456 10
0.013111 27
0.000331 18
0.012014 2063
0.674993 24
0.002671 60
0.746172 24
0.000283 40
0.182960 24
0.000195 40
0.171847 24
0.000339 40
0.187495 64
0.160481 24
0.002137 43
0.170176 65
0.420690 23
0.000176 24
0.329025 23
0.000362 42
0.233038 23
0.000376 38
0.508881 23
0.000362 38
0.041175 23
0.000340 38
0.039079 23
0.000359 38
0.045186 23
0.000275 38
0.040247 23
0.000182 38
0.040803 23
0.000329 38
0.039619 23
0.000229 38
0.040214 23
0.002586 41
0.037966 24
0.000261 40
0.040200 24
0.000234 40
0.040242 24
0.000241 40
0.040274 24
0.000360 40
0.040208 24
0.000244 40
0.040166 24
0.000210 40
0.042834 24
0.000760 40
0.037161 24
0.000148 25
0.045443 24
0.000144 24
0.261020 22
0.000690 86
0.175067 28
0.205731 1
0.929126 29
2.412941 40
0.100486 17
0.000351 33
0.714899 22
0.000165 33
0.287245 1
0.121502 1
1.352031 1
0.642592 1
0.000262 25
0.039160 18
0.005957 62
0.003046 116
0.823821 13
0.274199 46
0.710329 2
1.129641 20
0.001690 132
4317.770779 33
0.191796 51
0.790966 1
0.141155 1
0.323039 1
0.142298 1
1.120298 13
0.100952 9
3.396210 3
0.191723 3
0.193781 3
0.354292 3
0.223102 1
0.444686 4
0.504182 4
0.040481 4
0.040354 4
0.040332 4
0.040339 4
0.040388 4
0.040397 4
0.040382 4
0.040442 4
0.040245 4
0.040452 4
0.041296 4
0.040377 1
0.043175 1
0.037664 1
0.040986 1
0.039787 1
0.040352 1
0.040348 1
0.720845 1
0.181679 1
0.020190 1
0.941778 4
0.171669 4
0.173521 4
1.164073 1
0.131156 1
0.121185 1
0.660238 4
0.171581 4
0.171649 4
2.719751 33
1.153950 51
0.435036 1
0.171582 1
0.152485 1
0.202888 1
0.980484 13
0.100984 9
0.737997 2
0.062460 72
0.005788 60
0.017415 27
0.000342 18
0.001381 2011
0.000889 989
3.345913 21
0.000195 83
0.882218 30
0.121313 28
0.885345 27
0.141436 27
2.512666 30
0.566368 30
0.112614 30
0.171547 30
0.132028 30
0.214162 30
0.101009 30
0.161631 54
0.374793 48
0.327885 28
0.839181 38
0.131122 38
0.152655 38
0.242072 38
0.193442 38
0.242384 38
0.274322 38
0.252837 38
0.498300 29
0.193766 1
0.909892 39
7.051558 36
1.206942 28
0.070692 28
0.141131 39
0.091040 27
1.054859 28
0.142396 28
0.124929 28
0.107434 28
0.771980 30
0.112013 42
0.496165 34
0.090467 42
0.368457 28
0.230667 72
0.214593 68
0.301714 68
0.397094 42
0.240919 29
0.670449 29
0.474217 185
0.293388 29
3.917524 48
0.363640 31
1.010668 28
0.120966 28
0.112601 28
0.152547 28
0.130789 47
1.459871 27
0.151899 28
0.244050 28
0.242756 30
0.455316 29
0.111260 29
2.333075 29
0.050144 29
0.172476 29
0.243285 29
0.291331 29
0.226870 71
1.115519 28
0.100807 28
0.105220 28
0.158780 28
0.060435 47
0.222291 27
0.811879 28
0.231768 28
0.284072 30
1.064528 29
0.131410 29
0.486020 28
0.466888 28
0.161711 29
0.182831 29
0.233904 29
0.162582 29
0.383964 38
0.153548 38
0.151659 38
0.262583 29
0.131953 29
0.880555 29
0.629711 71
0.241888 71
0.844814 27
0.406234 27
0.240263 29
69.645056 32
1.297418 32
0.151426 32
0.145332 32
0.179126 32
0.476028 31
0.254360 32
0.131669 32
0.142005 31
0.516875 57
0.142561 55
0.385186 32
0.995156 32
2.249965 41
0.141082 41
0.091009 41
0.173301 41
0.111168 41
0.182792 41
3.295266 41
0.415764 42
0.182436 41
0.162571 41
0.203139 41
0.141090 42
0.212572 41
0.172915 41
0.313325 42
0.143436 42
0.111019 43
0.221970 42
0.153110 41
0.161658 41
0.142379 41
0.172403 41
0.152241 41
0.588016 41
0.101501 41
0.284610 41
0.181818 41
0.203252 42
0.577395 41
0.993568 42
0.151547 41
0.121399 41
12.193979 31
0.374993 31
0.224395 31
0.464695 31
1.285096 41
0.368195 31
0.129504 31
0.661795 31
0.828766 32
0.161564 31
1.818053 31
0.163158 31
0.212764 31
0.250320 42
0.205536 31
0.151603 31
1.378968 71
2.726077 29
8.337706 31
3.034264 28
0.205130 50
0.313971 48
0.233342 28
0.726334 120
0.918164 48
0.180211 31
0.548526 46
0.292490 31
0.222775 31
0.171798 27
0.274877 31
0.192036 28
0.335482 31
0.171789 31
0.261989 81
0.132494 81
0.606747 71
0.192070 71
0.153625 71
4.119668 33
1.075406 30
0.199895 32
0.781126 32
0.060676 32
0.242574 31
0.601937 32
0.161822 32
0.201662 31
3.310213 30
0.972881 27
0.386215 27
1.813060 29
0.274869 32
0.136440 32
0.035508 44
0.141651 31
1.449902 32
0.162566 32
0.112421 32
0.131278 33
0.162285 32
7.061128 41
0.111545 42
0.253452 41
0.151659 41
0.144118 41
0.141601 31
0.141467 46
0.141545 41
0.313932 39
0.467634 32
0.124752 48
0.200426 36
0.446870 32
0.263560 32
0.100537 50
0.141528 31
0.183000 33
0.050628 32
0.212746 32
0.143563 32
0.191750 32
0.902833 32
0.407773 72
1.315828 32
0.080899 48
0.234496 36
0.759849 32
0.354900 32
0.120884 50
0.144237 31
0.191981 33
0.386407 32
0.272392 32
0.345345 32
0.802817 32
0.933033 72
0.436374 32
0.003326 32
0.372423 41
0.526306 32
0.101103 44
0.143485 31
0.648198 32
0.121905 32
0.142659 32
0.172654 33
0.171933 32
0.509511 36
0.366004 35
8.733634 33
0.095418 33
0.148190 33
0.112599 33
0.121010 33
1.166290 33
0.193039 75
1.024774 30
1.043504 33
0.105047 33
0.137666 33
0.163806 33
0.141934 32
0.405524 57
0.384918 44
0.274464 43
0.141526 42
0.449177 32
0.687092 42
0.214672 43
0.104757 42
0.188782 42
0.082340 42
0.172193 42
2.303608 42
0.121502 42
0.141101 42
0.101114 42
0.125500 42
0.133156 43
0.117629 42
0.171994 42
0.568841 42
0.071175 42
0.172441 42
0.192036 42
0.153867 42
0.486890 43
0.618457 42
0.262345 42
0.154260 42
0.141115 43
0.070767 42
0.171831 42
0.253900 42
0.213371 42
0.172944 42
0.111606 42
0.507958 43
0.110689 43
0.132834 42
0.111823 42
0.242819 42
0.466225 42
0.131526 42
0.204274 43
0.171924 42
0.155616 42
0.371395 42
0.162832 42
19.577594 32
0.585908 33
0.640883 32
0.203300 32
7.652571 32
0.893009 32
1.073346 43
0.121070 43
0.141800 43
0.137435 43
0.718481 32
0.213062 33
3.136981 33
0.507714 32
0.040498 32
0.040425 32
0.040529 32
0.040460 32
0.040544 32
0.040458 32
0.040353 32
0.040517 32
0.040421 33
0.041506 32
0.040358 32
0.040547 32
0.040462 32
0.040529 32
0.040557 32
0.040359 32
0.040436 32
0.040496 32
0.040424 33
0.040468 32
0.040349 32
0.041595 32
0.040443 32
0.040383 32
0.040572 32
0.040453 32
0.040460 32
0.040371 32
0.040607 33
0.040535 32
0.040390 32
0.040339 32
0.040560 32
0.040476 32
0.042458 32
0.040490 32
0.040458 32
0.043872 32
0.037042 33
0.040479 32
0.040369 32
0.040484 32
1.338786 85
0.151048 85
2.327999 32
0.516997 33
0.591403 59
0.568547 28
0.527497 73
0.642641 44
0.417076 30
1.370867 33
0.192575 33
0.539238 43
0.557490 33
0.214013 33
0.161856 33
0.497748 43
0.081329 33
0.711263 32
0.212439 33
0.110810 33
0.295953 33
1.287459 41
0.144087 41
0.397712 32
0.596367 42
0.132021 42
0.558438 42
0.122503 42
0.081074 42
0.192637 42
0.827834 59
0.011762 51
0.177885 32
0.151747 32
0.183191 32
0.172043 32
0.121410 32
0.303064 58
0.619348 47
0.285805 32
0.163457 32
0.151335 32
0.141651 32
0.203459 32
0.677442 42
0.105779 42
0.128019 43
0.071376 42
0.192228 42
0.091845 42
0.234030 42
0.406302 42
0.121785 42
0.192439 42
0.143423 42
0.224375 42
0.172402 43
0.172965 42
0.232805 42
0.100822 42
0.164372 42
0.232235 42
0.254084 42
3.434903 32
0.506043 32
0.040484 32
0.040456 32
0.042670 32
0.040327 32
0.040470 33
0.040480 32
0.040441 32
0.040512 32
0.040489 32
0.040508 32
0.041785 32
0.040118 32
0.496837 32
0.232077 66
0.172034 66
0.152841 66
0.163832 67
0.161687 66
0.161764 66
0.843362 55
0.212254 55
0.154099 56
0.115002 55
0.230339 58
0.152962 55
0.162025 55
0.100604 55
0.284980 55
6.534637 32
0.210699 32
0.172147 32
0.416929 32
0.507173 32
0.040388 32
0.040469 32
0.042506 32
0.040509 32
0.040323 33
0.040648 32
0.040395 32
0.040668 32
0.040237 32
0.181452 58
0.152762 58
0.507076 58
0.039965 58
0.040837 59
0.040645 58
0.040429 58
0.538454 58
0.326771 32
0.161880 32
0.356419 32
0.142180 33
0.141269 32
0.425237 42
0.670060 42
0.061603 42
0.141224 42
0.111881 42
0.002639 42
0.088066 42
0.174172 42
0.101789 43
0.084630 42
0.138122 42
0.172491 42
0.172093 42
0.306115 42
0.192118 42
0.437714 53
0.141764 42
0.171771 42
0.142956 42
0.252442 42
0.224365 43
0.130956 42
0.111973 42
1.830265 42
0.203445 42
0.802301 53
0.232080 53
0.649850 53
0.153379 53
0.161942 54
0.142155 53
0.426017 42
0.070886 43
0.184225 42
0.345704 42
0.152195 42
0.141736 42
0.182186 42
0.132976 42
0.121142 42
0.182105 42
0.151821 42
0.498704 43
0.111653 42
0.141975 42
0.101480 42
0.264923 42
2.365572 42
0.143442 42
0.742536 32
1.229770 35
0.557610 76
0.932536 33
0.142692 33
0.111350 33
1.311076 32
0.232963 33
0.162403 33
0.173462 32
1.848937 34
0.142688 33
0.121319 33
0.131579 33
0.903969 33
1.454317 29
0.196958 59
0.548565 28
0.819683 73
0.141509 73
0.439280 44
0.541449 30
0.947693 32
0.686733 30
1.626930 33
0.115312 33
0.056520 33
0.152098 32
0.416722 33
0.274770 33
0.343832 32
2.713044 34
0.132078 33
0.019883 33
0.253445 33
0.183917 33
0.720301 33
3.545074 76
0.965877 33
0.090672 33
0.143130 45
0.085384 32
0.228520 33
0.131148 33
0.641266 33
0.131562 34
0.090903 33
0.183532 33
0.081575 33
0.121493 33
0.141969 33
1.829713 32
0.110933 33
1.015456 33
0.111725 33
0.131211 34
0.144163 33
0.111602 33
0.192443 33
0.132578 33
0.131966 33
0.151453 33
6.277800 43
0.192184 43
0.153173 43
0.153242 43
0.131637 43
0.162500 43
0.161881 44
0.162700 43
0.161902 43
0.196413 32
0.323998 33
0.285925 34
0.182426 33
0.102076 33
0.436552 33
0.722947 41
0.222378 41
0.182764 41
1.178844 33
0.305224 76
1.799678 28
0.314376 32
0.152753 32
0.131662 32
0.303328 81
0.141736 77
0.122079 76
0.884075 63
0.040575 79
0.161914 67
0.193896 63
0.223112 63
0.141916 81
0.623376 33
0.546317 30
2.071454 33
0.121331 33
0.092242 51
0.091471 32
0.833445 32
0.975928 33
0.072496 46
0.347878 32
0.828871 56
0.093622 56
0.109895 81
0.062426 57
0.131630 56
0.162549 56
0.589349 63
0.832680 56
0.097640 56
0.197161 69
0.703957 69
0.183009 56
0.650532 63
0.152943 63
0.171126 69
0.325206 63
0.173317 56
0.150026 56
1.403093 56
0.365353 56
0.153470 56
0.752973 63
2.966933 56
0.101269 57
0.121829 56
0.205535 56
0.406389 56
4.817205 47
0.529579 56
1.065797 56
0.120512 69
1.497207 63
0.344378 63
0.131107 47
0.202710 32
0.172240 32
0.164074 33
0.151967 32
0.741208 39
0.570873 33
0.366681 32
0.163043 32
0.173298 32
0.175125 56
0.811661 56
1.534414 56
0.631725 56
0.150409 56
0.499910 32
1.279968 64
0.153210 49
0.906212 32
0.192565 103
0.162994 105
0.538193 48
0.392737 32
0.762398 78
0.470409 29
4.571290 33
0.091457 33
0.131547 33
0.264786 33
0.060391 33
0.096418 33
0.544468 43
0.143386 43
0.142246 33
0.822468 33
1.006153 34
0.086109 33
0.229363 33
0.061627 33
0.193812 33
1.880763 33
0.794045 33
0.122415 46
0.479927 32
0.833097 56
0.081069 56
0.163990 56
0.079286 57
0.134631 56
2.643057 56
1.108025 56
0.109512 56
0.103802 56
0.160724 56
0.111562 56
0.255724 56
0.080653 56
0.144081 57
0.131793 56
0.560975 32
0.241728 1
0.750008 48
2.289737 34
0.515908 232
0.665034 61
1.807033 93
0.880899 33
0.123580 33
0.141934 33
0.142098 33
0.131798 32
1.484970 33
0.173295 33
0.121951 33
0.233130 33
0.164104 33
0.114854 33
0.312353 33
0.375668 33
2.257543 33
4.491240 42
0.100316 18
0.000303 39
0.688051 23
0.000233 33
0.264278 1
0.202711 1
1.046995 1
0.975116 1
0.000510 14
0.000139 11
0.005619 24
0.002625 62
0.004085 116
0.886024 13
0.416717 46
0.539188 1
0.202838 1
0.284764 3
0.681306 3
0.232244 1
0.226001 1
0.192628 1
0.600198 3
0.270881 7
0.329329 1
0.507959 1
0.040551 1
0.040569 1
0.040575 1
0.040543 1
0.040565 1
0.041524 1
0.040559 1
0.426811 1
0.149190 5
0.217832 1
0.193623 1
0.163297 1
0.507778 3
0.121579 3
0.212875 3
0.151252 5
0.175168 1
0.192599 1
0.508898 1
0.040497 1
0.040628 1
0.041491 1
0.040495 1
0.040589 1
0.040514 1
0.040534 1
0.040564 1
0.040618 1
0.040467 1
0.255457 1
0.416677 3
0.144138 5
0.084256 5
6.340377 2
0.445352 273
0.010684 727
0.068039 116
8.339380 33
0.273724 51
0.342617 2
0.051900 39
0.004058 33
0.003350 59
0.017462 27
0.000385 18
0.008187 1432
0.681346 25
0.002420 73
0.504896 24
0.002259 64
0.038282 25
0.000309 48
0.040216 25
0.000287 42
0.040270 25
0.000306 48
0.040299 25
0.001446 48
0.039109 25
0.001866 48
0.038604 25
0.000329 48
0.040169 25
0.000414 42
0.040156 25
0.000258 42
1.660108 25
0.000252 47
0.740768 24
0.000195 25
1.756432 22
0.000285 88
0.644622 28
0.263431 31
0.529178 28
0.006030 28
0.370021 28
0.843694 32
1.050612 40
0.100338 17
0.000408 35
0.757919 22
0.000221 33
0.276655 1
0.109386 1
0.397299 1
0.610212 1
0.000317 25
0.004922 18
0.002778 62
0.004014 116
0.815239 13
0.243392 46
0.638836 2
0.562126 578
0.080981 116
5.107611 33
0.336677 51
0.291068 2
0.071159 72
0.006426 59
0.017370 31
0.000363 14
0.006573 1429
3.010538 22
0.000268 88
0.747477 28
0.263724 28
0.508288 28
0.174387 31
0.324597 28
0.376415 36
0.183499 29
0.193738 29
0.783970 32
0.152999 32
0.152228 32
0.152128 35
0.426651 1
0.306554 35
0.071042 32
0.508171 32
0.040503 32
0.040513 32
0.040580 33
0.040550 32
0.040634 32
0.041432 32
0.040645 32
0.040563 32
0.041644 32
0.040587 32
0.040403 32
0.040846 32
0.040496 33
0.040534 32
0.040493 32
0.040544 32
0.040722 32
0.040475 32
0.040575 32
0.040567 32
0.040569 32
0.043498 32
0.040710 33
0.040535 32
0.040482 32
0.040656 32
0.040633 32
0.040457 32
0.040587 32
0.041587 32
0.040597 32
0.040514 32
0.040586 33
0.041605 32
0.040682 32
0.040446 32
0.040681 32
0.040466 32
0.040782 32
0.040223 32
0.040667 32
0.040631 32
0.040641 33
0.040493 32
0.040498 32
0.040604 32
0.244394 32
0.162146 32
0.154274 32
0.304458 32
0.792072 33
2.466924 18
0.002596 24
0.100212 18
0.000436 39
0.125256 56
0.642884 1
0.128240 1
0.682155 1
0.356050 1
0.000162 14
0.000214 11
0.005830 18
0.003272 62
0.003553 116
0.864438 13
0.203921 46
0.465710 2
0.999925 24
2.116083 1
0.115465 1
1.106257 2
0.016428 40
0.859305 1
3.044212 2
0.000654 55
1.281084 1
0.612390 2
0.001494 6
0.000481 116
26.298973 33
0.661513 51
0.404842 2
0.060214 39
0.003369 33
0.002395 49
0.000483 10
0.017317 31
0.000367 14
0.008506 1434
0.611626 25
0.000283 48
0.773676 25
0.000348 48
0.304054 25
0.000256 48
0.173226 25
0.000425 48
0.194358 25
0.002520 60
0.567787 25
0.002591 78
0.140428 25
0.001574 60
0.506837 25
0.000333 45
0.040248 25
0.000415 45
0.040472 70
0.041315 25
0.000313 45
0.040238 25
0.000400 45
0.040218 25
0.000350 45
0.040584 70
0.040228 25
0.000410 46
0.793188 25
0.000215 95
0.873852 55
8.443141 42
0.100309 18
0.000395 39
0.575793 23
0.000185 33
0.204775 1
0.162327 1
0.396790 1
0.498155 1
0.000361 25
0.021738 18
0.003613 62
0.004204 116
0.644601 13
0.172583 46
0.464708 2
0.814759 24
1.343244 1
0.107276 1
0.433324 2
0.000366 40
1.831990 1
0.325632 2
0.000159 55
0.711994 1
0.335865 2
0.000392 4
0.001633 116
2.138592 33
0.245611 51
1.463862 46
1.039096 51
0.234369 46
1.004326 2
0.960807 24
6.624124 1
0.121691 1
0.162330 1
0.601674 2
0.000365 40
1.432099 1
0.123736 1
1.638646 2
0.000160 55
0.141891 1
1.058251 2
0.000425 5
0.001763 116
24.944817 33
0.234423 51
0.650293 1
0.205091 1
0.192661 1
0.182580 1
1.014771 13
0.103423 9
0.450413 3
0.183578 3
0.172511 3
0.142047 3
0.821902 2
0.071686 72
0.006266 60
0.019422 3045
3.159218 21
0.000189 83
1162.319373 30
0.315030 28
0.071343 28
0.143618 28
0.265305 28
0.215021 28
0.090580 28
0.203649 28
1.163589 29
0.827607 47
0.068567 39
0.450669 28
0.701367 38
0.092070 38
0.345222 38
0.346671 38
0.193910 38
0.224079 38
0.203262 38
0.156038 38
0.775000 29
0.242608 39
1.252148 36
0.682393 28
0.093640 28
0.111520 39
0.081284 27
0.204708 28
0.122813 28
0.152298 28
0.081437 28
0.367447 29
0.794222 28
0.316628 30
0.114596 42
0.997913 34
0.074446 42
0.742943 28
0.326229 72
0.172729 68
0.550175 68
0.581501 42
0.255233 27
0.722249 29
3.903634 32
0.245675 48
0.254315 36
0.233565 32
0.214494 32
0.253845 32
0.632991 41
0.144302 50
7.550768 44
0.114854 33
0.221319 32
0.153519 32
0.345976 32
0.663776 32
0.326146 32
0.162597 32
0.244922 32
0.135871 32
0.112791 32
1.109875 31
0.509032 31
0.042666 31
0.040566 31
0.040659 31
0.040630 31
0.040585 31
0.041708 31
0.039597 31
0.214349 32
0.173785 31
0.191062 63
0.128016 32
0.505036 31
0.040665 31
0.042521 31
0.040831 31
0.042967 31
0.042048 31
0.036719 31
0.040575 31
0.040744 31
0.040724 32
0.040340 1
32.513895 32
5.375650 31
4.731958 40
0.131968 40
0.255393 40
0.398520 40
0.601628 40
16.115233 32
0.366100 72
12.148672 27
1.273190 66
0.142169 66
0.070798 66
0.143456 66
0.255655 66
0.244702 92
0.571295 32
0.956690 29
16.997189 32
0.733076 32
0.093408 32
0.152787 32
0.245536 48
0.090137 31
0.132661 32
0.193639 49
0.184061 36
0.184113 32
0.274040 32
0.257659 50
0.601145 31
2.355775 32
0.094901 32
0.199984 32
0.205515 32
0.156215 33
0.779722 42
0.195675 41
0.162710 41
0.152417 41
0.418996 41
4.509003 32
0.185876 32
0.292350 32
0.235834 32
0.166661 33
0.678612 31
0.153380 32
0.286513 32
0.418590 32
0.320851 32
0.179402 32
1.101442 41
0.181788 41
0.156130 41
0.152583 41
0.142779 41
0.367097 31
0.704985 32
0.326345 32
0.152781 32
0.326410 32
0.172343 32
0.115928 32
0.752229 32
0.807359 31
2.855740 40
0.133541 33
3.164844 40
0.253525 40
1.357840 32
29.089881 72
4.517521 27
0.169510 27
0.165497 48
0.366385 31
0.600314 71
0.866829 28
0.101739 28
0.111066 28
0.115706 28
1.058847 47
0.112406 27
0.328951 28
0.211842 28
0.237415 30
0.530280 29
0.142349 29
1.183059 29
0.096417 29
0.169091 29
0.112269 29
0.256023 29
0.195062 71
0.816125 28
0.111980 28
0.132286 28
0.101744 28
0.163666 47
1.101763 27
0.153903 28
0.082631 28
0.254156 30
0.970405 29
0.132028 29
0.305770 29
0.295556 29
0.132295 29
0.511392 29
0.205534 71
0.194511 71
0.588289 185
1.605429 27
0.174876 27
0.297817 27
0.293501 27
1.559769 29
2.756357 32
0.116481 32
0.067671 32
0.407765 31
0.285007 31
0.163016 41
0.154907 41
0.662218 39
0.164583 32
0.184852 32
0.211978 41
0.358398 39
0.141941 32
0.082838 32
0.112985 32
0.703094 31
0.274940 32
0.145768 32
0.130380 31
1.399195 41
0.163637 40
0.349960 31
0.191918 41
0.521416 31
0.470189 31
0.344645 51
10.242092 41
0.153890 41
0.091259 41
0.225602 41
0.182824 41
0.142181 41
0.176060 41
0.161797 41
0.182775 41
0.124733 42
0.081585 41
0.254173 41
0.102414 41
0.092433 41
0.111282 41
0.126400 41
0.036299 41
0.103076 41
0.172876 41
0.254234 42
0.461893 41
0.164535 41
0.131131 41
0.440761 41
0.461239 51
0.181764 41
0.519980 41
0.225023 41
0.143268 41
0.101400 41
0.173518 41
0.215186 42
0.102365 41
0.183699 41
0.082281 41
0.132363 41
0.061768 41
0.346232 41
0.543254 51
0.682094 41
0.061079 41
0.859442 41
0.087029 41
0.118068 42
0.203144 41
0.113857 41
0.814087 41
0.368833 41
0.182909 41
0.349142 41
0.254029 41
0.122457 41
0.030029 41
0.115914 42
0.253239 41
0.162787 41
0.142960 41
0.175610 41
0.111996 41
0.253842 41
0.187929 41
0.507563 41
0.521946 31
0.427077 33
1.543085 76
1.131723 33
0.095324 33
0.375018 33
2.617926 34
0.498203 115
0.142630 115
0.602879 105
0.123455 105
0.235482 105
8.523823 35
0.669357 43
0.228944 43
0.150983 41
0.366889 33
0.935770 41
0.847997 33
0.268191 33
0.203121 33
0.173969 33
0.134571 33
0.062314 33
0.171487 32
9.847425 34
0.113023 33
1.021145 33
2.216040 33
0.684871 76
1.042466 33
0.222942 33
0.094105 33
0.817794 32
0.273600 33
0.153900 33
0.164790 32
0.940872 34
0.136333 33
0.740182 33
15.140660 29
0.147814 35
0.174150 28
0.152668 28
0.208699 59
0.243956 40
1.179487 28
0.072193 28
0.156341 28
0.119621 28
0.295161 47
0.481583 27
0.223861 28
0.112180 28
0.378546 30
0.335549 37
0.153309 36
0.746102 28
0.235716 30
0.983344 29
0.131884 29
0.161466 28
0.572829 28
0.532705 29
0.176502 29
0.250931 29
0.225699 29
0.144678 29
0.172149 29
0.540562 29
1.459138 56
0.214461 44
0.148588 28
0.173738 28
0.154954 36
0.162907 29
2.930836 33
0.428459 76
1.064086 33
6.869131 41
0.477687 33
0.122104 33
1.440293 33
0.276039 33
0.122238 55
0.871470 33
0.083147 46
0.674478 32
17.121597 32
0.336164 32
0.206056 32
0.284890 34
0.249204 47
0.181666 32
1.876633 56
0.081906 57
0.225300 56
1.933179 56
0.417837 56
0.817289 56
0.155024 56
0.336045 85
0.156052 80
0.375428 46
1.532164 43
0.131043 43
0.464707 56
0.193558 33
2.115926 63
0.105447 49
0.531171 32
0.427311 103
0.316633 105
0.612847 48
0.530590 28
0.603108 28
0.570175 78
0.289703 33
0.849417 32
1.146163 33
0.470081 191
13.601490 33
0.132888 33
0.133422 33
0.183017 33
1.667143 32
0.235204 33
0.133362 34
0.982973 32
0.202610 41
0.143611 41
0.361258 32
0.660275 42
0.256355 42
0.132581 42
0.225632 42
0.143702 42
0.183666 42
3.027783 42
0.961275 43
0.152829 42
0.798010 42
0.133007 42
0.164027 42
0.428786 42
0.154785 42
0.408469 42
0.326988 42
0.132171 42
2.066545 43
0.061809 42
0.329604 32
1.707575 32
0.174278 32
0.478680 55
0.704507 44
0.811114 32
0.193146 32
0.539210 33
0.502256 78
28.246823 29
0.270291 35
0.490374 32
0.183410 32
0.165343 32
0.510798 32
0.040788 32
0.040770 32
0.040763 32
0.040804 32
0.043007 56
0.042272 66
0.038983 32
0.039805 1
0.686087 95
2.073302 33
0.092807 33
0.172612 33
0.247067 33
0.132219 33
0.132625 32
0.951535 32
0.163526 43
0.143237 43
0.104142 43
0.242941 43
0.777665 33
0.101831 45
0.113669 32
1.258748 33
0.183574 33
0.102199 34
0.428883 33
0.173556 33
0.134170 33
1.700046 29
0.339554 34
1.213606 30
0.449858 32
8.729512 29
0.205042 32
0.511622 32
0.040710 32
0.043048 32
0.038696 32
0.040657 32
0.040802 33
0.041020 32
0.040587 32
0.040649 32
0.040869 32
0.040697 32
0.042582 32
0.038988 32
0.043245 32
0.040332 32
0.040779 33
0.236316 32
0.183807 32
0.377194 32
0.439446 32
0.328154 32
0.704130 51
0.141785 51
0.176040 51
0.152097 51
1.269934 51
0.870477 35
1.277172 33
0.573100 33
1.708112 33
1.239124 32
1.208083 33
0.038779 33
0.245968 34
0.766647 33
0.196463 33
0.142257 33
0.399246 33
0.878920 78
3.927845 33
0.133491 33
0.164202 33
0.655227 33
0.162566 33
0.143861 33
1.944648 34
0.705208 44
1.206062 34
0.604288 33
0.153771 33
0.147027 33
0.588162 33
0.173761 33
0.165125 33
9.794520 33
0.398691 41
0.213957 41
0.328467 42
1.474876 33
4.478827 78
0.245248 33
0.204725 33
0.163616 33
0.613957 33
0.173089 33
0.920703 33
0.500970 34
0.183239 33
0.420152 33
0.142788 33
0.358331 33
0.328126 33
0.491422 43
0.204137 33
0.165073 33
0.326299 33
4.277469 33
1.033347 33
0.165201 34
0.143185 33
0.288221 33
0.274807 33
0.215179 33
3.162778 33
0.735791 43
0.961919 33
0.993638 43
4.051914 33
0.378789 33
0.399922 33
0.183589 33
0.204132 33
0.148838 34
2.797666 33
0.348825 33
0.143063 33
0.205205 33
0.133238 33
0.142816 33
0.470253 33
0.318902 78
2.066473 33
0.111904 33
0.122508 33
0.582509 33
0.127193 33
2.567134 33
0.469747 34
0.308560 33
0.705992 33
0.625012 33
1.708759 33
1.575419 33
0.077162 33
0.241732 33
0.305779 33
0.167827 33
0.989271 34
0.265203 33
0.327874 33
0.215016 33
0.111464 33
1.044793 33
0.134076 33
0.193525 33
0.183625 33
3.296408 33
0.632741 42
0.123490 41
0.174255 41
0.901000 33
5.027830 78
0.409973 33
0.469451 33
1.281065 33
0.122882 33
0.674510 32
0.267297 33
0.163449 34
1.646550 32
0.421239 33
0.213732 33
0.154840 33
0.266026 33
0.194510 33
0.184194 32
0.297468 33
0.193866 33
0.225306 34
0.491037 33
2.602382 32
0.511274 33
0.041538 32
0.042692 32
0.038978 32
0.041735 32
0.039902 32
0.040845 32
0.040732 32
0.040743 32
0.040936 32
0.328513 32
2.404259 51
0.141721 51
0.412671 32
15.512453 52
0.496537 52
0.152552 52
0.081579 52
0.201327 52
0.090540 52
0.183887 52
0.091206 53
0.182925 52
0.130607 52
0.161901 52
0.060666 52
0.121705 52
0.223379 52
0.080566 52
0.303187 52
0.093758 52
0.119888 53
0.172654 52
0.190937 52
0.122009 52
0.374439 52
0.212675 52
0.242866 52
0.144141 52
0.222088 52
0.091958 52
0.242831 53
0.131482 52
0.273459 52
0.416756 63
0.738107 52
0.089148 52
0.202712 52
0.108823 52
0.115077 52
0.191393 52
0.122961 52
2.625355 32
0.221652 33
0.455422 33
0.506685 32
0.040346 32
0.040616 32
0.042000 32
0.039859 32
0.039065 32
0.040436 32
0.041306 32
0.042291 32
0.038538 33
0.040601 32
0.040134 32
0.040434 32
0.040331 32
0.040262 32
0.040812 32
0.040339 32
0.041987 32
0.391951 69
0.235005 32
0.212112 32
0.240153 78
1.471148 32
0.505310 32
0.040447 32
0.042434 32
0.040629 32
0.039988 32
0.040579 33
4.774787 32
0.502005 32
0.040384 32
0.040424 32
0.040324 32
1.843490 32
0.304861 32
0.277003 32
0.676082 32
0.567338 32
0.505670 32
0.040397 32
0.041440 32
0.039352 32
0.195525 32
0.462738 32
0.151809 63
0.506940 63
0.040232 63
0.040838 63
0.039385 63
0.101594 63
0.172698 63
0.889945 52
0.233161 52
0.212864 52
0.121324 52
0.313984 52
0.375546 52
1.419113 52
0.202851 52
0.265206 33
0.222200 32
0.436183 32
1.142249 43
0.110523 43
0.546706 43
3.102602 32
0.506084 32
0.040114 32
0.041735 32
0.039925 32
0.040352 32
0.040585 33
0.040308 32
0.040568 32
0.386615 32
1.639585 32
0.181752 32
0.183792 32
0.435189 33
0.160030 48
0.667762 37
0.357420 33
0.355343 32
0.172382 32
0.160992 32
0.164015 1
0.380561 33
4.608772 78
5.278733 33
0.070076 33
0.183162 33
0.213463 33
4.598705 32
0.677605 33
0.155378 34
0.108451 32
0.559720 41
0.118212 41
0.388300 32
0.628070 42
0.160534 42
0.131003 42
0.201679 42
0.112693 42
0.880626 42
0.679747 42
0.141647 43
0.131479 42
0.070619 42
0.095883 42
0.229403 42
0.151254 42
0.192663 42
0.253126 42
0.264914 42
0.059385 42
0.151966 43
0.639361 42
0.119845 42
0.273711 42
0.124951 42
0.149675 42
0.201395 42
0.183253 42
0.263866 42
0.183936 42
0.138930 43
0.719654 42
0.232007 42
0.102179 42
0.140922 42
0.124861 42
0.108981 42
0.163820 42
0.282220 42
0.505725 53
0.173858 42
0.354378 42
0.384957 43
0.092897 42
0.241329 42
0.202016 42
0.154604 42
1.742471 42
0.443865 42
0.212053 42
0.085040 42
0.992630 42
0.089172 43
0.071854 42
0.212059 42
1.155424 42
0.161715 42
0.145225 42
0.147644 42
0.121339 42
0.194771 42
0.121122 42
0.283388 43
2.231192 32
0.322637 33
1.925968 78
0.423874 33
0.324051 33
0.120909 33
0.355436 32
0.798477 33
0.082923 33
0.261440 34
1.147848 33
0.334155 32
0.171940 32
1.012048 36
0.142087 36
0.201730 37
0.163739 32
0.204996 32
0.697910 32
0.243153 33
1.140982 61
0.176975 50
0.441587 55
4.100663 40
0.100588 17
0.008823 33
0.240264 22
0.000657 33
0.677305 1
0.142384 1
0.346160 1
0.738264 1
0.000500 14
0.000138 11
0.006196 24
0.004661 62
0.004346 116
0.829524 13
0.677322 46
0.715881 2
1.052436 24
5.308648 2
0.001234 118
0.874155 33
1.546466 4
0.151113 1
0.063266 1
0.203166 1
0.505988 1
0.042191 1
0.040532 1
0.040222 1
0.040425 1
0.040460 1
0.193121 1
0.182556 1
0.242289 1
0.523318 5
0.131259 5
0.105958 1
0.506121 1
0.040446 1
0.040251 1
0.040716 1
0.040075 1
0.040427 1
0.041750 1
0.038905 1
0.041451 1
0.040374 1
0.040406 1
0.306920 1
0.349770 5
0.100996 5
1.275319 2
0.690601 275
0.003890 679
0.004772 215
0.079196 116
6.544319 33
0.211872 50
0.751364 51
0.929110 2
0.083387 72
0.008422 59
0.020035 27
0.000394 18
0.015465 1455
5.659338 24
0.009578 60
0.497181 24
0.000404 44
0.040042 24
0.000284 40
0.495572 24
0.000260 40
0.204120 65
1.306529 24
0.000249 40
0.209840 22
0.000300 86
0.174646 28
0.202031 28
0.173582 28
0.151583 28
0.488466 28
0.210511 30
0.526026 32
0.295268 32
0.183009 32
0.172099 32
0.161706 32
0.151331 32
0.183040 32
0.151373 33
0.163324 32
0.183435 32
0.170365 32
0.899804 33
2.787863 78
1.276730 31
0.171139 30
0.183076 221
0.424224 43
0.670847 33
0.353368 32
0.313526 33
0.151957 33
0.122674 33
0.292872 33
0.224874 34
0.636872 33
0.790524 43
0.951719 33
0.406690 33
0.091693 33
0.112316 33
0.171916 33
0.871384 33
0.192014 32
0.384280 33
0.121672 33
0.050307 34
0.678698 33
0.164575 33
1.051927 33
0.376049 33
0.153889 33
0.189815 33
0.143868 33
0.189645 33
0.121702 33
0.101451 34
0.183656 33
0.446080 33
1.665112 42
0.100389 18
0.001702 39
0.691582 23
0.000219 33
0.333975 1
0.191907 1
0.305393 1
0.294541 1
0.000319 25
0.007846 18
0.003147 62
0.003731 116
1.023246 13
0.321352 46
1.375831 2
0.640164 327
0.071991 116
6.781776 33
0.212151 51
0.728135 2
0.080257 72
0.008664 49
0.000478 10
0.018193 27
0.000344 18
0.010321 1472
1.049989 25
0.006574 66
0.670938 25
0.007335 65
0.207872 73
0.170711 25
0.000403 48
1.203915 116
0.194932 32
0.416140 32
0.508886 32
0.037869 33
0.040781 32
0.201421 32
2.755419 40
0.151618 40
0.497377 41
1.676654 42
0.100349 18
0.000248 36
0.542585 23
0.000204 33
0.282822 1
0.183718 1
0.384002 1
0.527362 1
0.000364 25
0.029747 18
0.003842 62
0.003465 116
0.675779 13
0.294082 46
0.493049 2
1.046416 58
3.710033 1
0.232376 2
0.000231 24
2.211135 1
0.527361 1
0.161670 1
0.416113 2
0.000218 96
12.164171 1
0.456161 1
0.282458 2
0.004075 116
1.581508 33
0.323226 51
0.688091 2
0.080554 65
0.008337 66
0.017488 13
0.000546 32
0.008916 1472
0.524772 25
0.000423 42
0.486512 25
0.000417 42
1.044028 25
0.000594 46
0.233743 70
0.222252 70
0.171197 25
0.000231 45
0.212768 25
0.000414 45
1.142728 25
0.000348 45
1.035803 25
0.000344 45
0.980752 23
0.000301 93
0.507252 72
1.093844 61
0.246893 124
1.751681 69
0.094312 49
0.116664 37
0.224474 33
0.152138 33
0.222342 33
0.547806 34
0.162548 34
0.130512 34
0.782732 33
0.293373 33
0.374301 51
0.348625 32
0.170205 32
0.162229 32
0.172173 32
0.151733 32
0.182832 33
0.332192 48
0.672015 32
0.223279 32
0.181944 32
0.192926 32
0.383743 32
0.244589 32
0.151523 32
3.580614 42
0.100604 18
0.000442 39
0.674671 23
0.000251 33
0.334108 1
0.132321 1
0.373750 1
0.476108 1
0.000308 25
0.008215 18
0.003009 15
0.000253 47
0.003401 116
0.617022 13
0.282940 46
0.534487 2
1.005258 58
2.979267 1
0.161665 2
0.000258 24
1.542658 1
0.740611 1
0.131366 1
0.386026 2
0.000436 96
5.940510 1
0.202288 1
0.415160 2
0.002280 116
0.903027 33
1.581623 51
0.269639 2
0.077565 72
0.006309 59
0.016955 13
0.000329 32
0.012501 1392
0.529047 25
0.000413 45
0.272426 25
0.000430 45
0.415030 25
0.000414 45
0.182394 25
0.000400 45
0.344470 25
0.000419 45
0.547733 67
0.294402 25
0.000395 45
0.506157 25
0.000401 45
0.039740 25
0.000428 45
0.040011 25
0.002613 45
0.037839 25
0.000816 45
0.039957 25
0.000218 45
0.039890 25
0.000161 26
0.040460 25
0.000209 25
0.040920 50
0.039423 25
0.000220 25
0.040171 25
0.000159 25
0.042296 25
0.000215 25
0.040261 25
0.000170 25
0.009927 25
0.000284 42
0.647389 25
0.000417 45
0.372659 23
0.000222 93
0.105250 32
0.506217 32
0.040251 29
0.426406 29
1.033742 33
0.090952 30
1.226717 32
0.508489 32
0.041191 32
0.041042 32
0.039834 32
0.040369 32
0.040420 32
0.040356 32
0.040800 32
0.040094 33
0.040420 32
0.040430 32
0.040554 32
0.040369 32
0.040681 32
0.041389 32
0.040145 32
0.041086 32
0.039875 32
0.040306 33
0.041257 32
0.039606 32
0.040720 32
0.040080 32
0.040465 32
0.040338 32
0.040410 32
0.042536 32
0.040438 32
0.040530 33
0.040499 32
0.040701 32
0.040220 32
0.040195 32
0.040514 32
0.164027 32
0.181156 32
0.140848 32
0.153014 32
0.123467 33
0.200626 32
0.182321 32
0.203585 32
1.097405 34
0.137514 34
0.224592 34
0.880572 42
0.995781 45
0.982772 34
0.095325 34
0.219511 34
0.141622 35
1.807158 36
0.182043 35
0.151692 35
0.172643 35
0.151741 35
0.142073 32
0.163230 35
0.157474 58
0.183444 45
0.155165 29
0.181962 35
0.173108 34
0.374584 34
0.236136 59
0.266928 41
0.522058 71
0.179630 71
0.326364 27
0.748345 28
0.131176 28
0.111180 28
0.223883 28
0.282837 28
0.191888 27
0.427031 27
0.144791 36
0.686995 47
0.113338 27
0.353395 28
0.324738 28
0.161559 30
0.810664 29
0.143535 29
0.465847 29
0.393791 29
0.153095 29
0.134660 29
0.503906 29
0.681409 30
0.183780 56
0.200661 44
0.172450 36
0.325346 29
0.214281 29
0.181960 29
0.171754 29
0.672055 35
0.321427 32
0.162842 32
0.161805 32
0.515715 56
0.141702 52
0.365335 52
0.568173 41
0.133348 57
0.201523 45
0.496867 70
0.152282 54
0.162026 52
1.035210 32
0.143497 32
0.151569 32
0.234590 32
0.192032 32
0.171832 32
0.192057 33
0.203160 32
0.169529 43
0.174317 44
0.161673 43
0.161299 43
0.142700 43
0.151406 43
0.142138 43
0.174818 32
0.171458 31
0.171528 30
0.211250 265
0.457139 45
0.373402 33
0.167431 32
0.192762 32
0.789092 60
0.487055 60
0.195611 61
0.179820 60
0.303985 60
0.142335 60
0.577296 80
0.304253 60
1.024710 71
0.183568 84
0.160676 71
0.163248 71
0.160845 71
0.163330 72
0.172418 71
0.570653 71
0.182112 60
1.348393 60
0.121066 61
0.234511 60
0.182219 60
0.122046 60
0.445359 60
0.234482 60
0.475841 71
6.878030 60
2.386134 42
0.100333 18
0.000416 39
1.008963 23
0.000198 33
0.294906 1
0.212284 1
0.345568 1
0.436471 1
0.000316 25
0.006887 18
0.006398 62
0.003180 116
0.644664 13
0.395736 46
0.524216 2
1.036842 58
1.334948 1
0.153631 2
0.000173 24
2.595620 1
0.416559 1
0.516431 1
0.519810 2
0.000448 98
6.357061 2
1.807159 2
0.699439 2
0.001733 24
1.857349 5
1.318385 5
1.123120 2
0.000287 2
0.001009 39
0.000406 116
2.036705 120
1.634272 33
0.232565 51
0.363020 2
0.084924 39
0.007257 33
0.000359 49
0.000442 10
0.019261 27
0.000325 18
0.013301 1310
6.674544 25
0.008240 66
0.264344 25
0.004762 65
0.260809 67
0.262930 25
0.000411 42
0.223017 25
0.007185 66
0.184875 25
0.007623 65
0.164359 25
0.001775 45
0.302431 25
0.000431 48
0.221958 25
0.000264 48
0.143605 67
0.171555 25
0.000336 43
0.253392 25
0.000417 42
0.559620 25
0.000416 42
4.400717 25
0.000630 43
0.283453 25
0.000403 42
0.314947 25
0.000424 48
0.658480 73
0.719306 25
0.000375 45
0.365617 25
0.000858 42
0.374839 25
0.000408 43
0.007199 68
0.650714 25
0.000421 43
1.228418 68
0.282106 25
0.000419 42
0.325158 25
0.000511 48
0.406019 25
0.000419 48
0.910421 25
0.000311 48
2.131677 25
0.000368 48
0.748691 25
0.000429 46
0.355430 25
0.000174 26
0.557855 25
0.001146 26
0.525741 25
0.000268 26
0.249318 24
0.000415 47
1.730625 113
0.380462 131
0.437843 30
1.033009 33
0.127351 33
0.151512 33
0.138942 33
141.110389 32
1.726185 33
0.162590 34
1.703436 32
0.173333 33
0.122987 33
0.738967 43
0.262875 33
0.183271 33
0.570066 33
0.182567 33
0.161909 33
0.375875 43
0.161173 43
0.151713 43
0.154191 43
0.719917 43
0.173417 33
0.162452 33
0.324562 33
0.344652 33
0.164721 33
1.673087 32
0.262578 33
0.122650 34
0.101263 32
0.245959 33
0.067728 33
0.143976 33
0.134335 33
0.984346 33
0.585570 43
0.549150 33
5.167040 35
0.863692 35
0.548379 30
0.395540 32
0.153474 32
0.505766 32
0.040530 33
0.040560 32
0.040363 32
0.041591 32
0.040610 32
0.040953 32
0.039903 32
0.040371 32
0.171599 1
0.435880 78
1.174118 33
0.054475 33
0.251371 33
0.184210 33
0.080570 32
0.557744 33
0.143056 34
0.220448 32
0.814472 33
0.101529 33
0.110171 33
0.640603 43
0.141450 43
0.627737 33
0.277412 33
0.240044 33
0.126967 33
0.938993 33
0.914281 33
0.202496 33
0.181883 34
0.151681 33
0.265025 33
0.132268 33
0.112421 33
0.140141 33
1.615409 32
0.496823 33
0.163155 33
0.059334 32
0.153602 34
0.146259 33
0.188280 33
0.141644 33
0.650599 33
0.953623 35
1.575598 78
1.216585 31
0.454141 30
0.567063 240
5.023298 42
0.100828 18
0.003048 39
0.748488 23
0.001024 33
0.311971 1
0.183006 1
1.278412 1
0.577885 1
0.000236 25
0.034693 18
0.003773 62
0.003592 116
1.179065 13
0.273164 46
0.586781 2
1.063263 58
2.547954 1
0.151664 2
0.000235 24
1.643219 1
0.732263 1
0.192208 1
0.445934 2
0.000445 108
14.792544 4
0.355033 4
0.366059 4
1.801197 1
0.142584 1
0.294674 2
0.000262 24
1.114756 1
0.131515 1
0.700812 3
0.640337 1
0.811652 3
0.171991 3
1.136634 1
0.112227 1
0.262908 2
0.000253 109
1.592377 1
0.144202 1
0.393767 2
0.002819 116
1.105381 1
0.264995 33
0.213242 51
0.536033 2
0.079505 72
0.009899 49
0.000446 10
0.017676 27
0.000394 18
0.014880 1168
6.120290 25
0.000419 45
0.507293 25
0.000447 45
16.456048 25
0.000582 46
0.919611 23
0.000230 93
0.895725 29
0.212385 29
0.142546 36
0.121283 35
0.151529 35
0.152631 35
0.265083 32
0.080110 61
0.189913 45
0.337337 29
0.306511 35
0.292397 35
0.313965 35
0.560400 36
0.282355 32
0.567543 35
0.273040 31
0.234369 31
0.344601 1
0.355117 36
0.224078 32
0.506701 32
0.040491 32
0.040465 33
0.040416 32
0.040673 32
0.040166 32
0.046972 32
0.033964 32
0.040386 32
0.040434 32
0.040422 32
0.040881 32
0.041137 33
0.041208 32
0.039480 32
0.040617 32
0.040445 32
0.040340 32
0.040474 32
0.040410 32
0.042552 32
0.038341 32
0.040471 33
0.040406 32
0.041467 32
0.040647 32
0.170409 101
0.163252 95
0.142330 95
0.192176 94
0.142566 32
0.172204 93
0.375794 32
0.252147 92
0.335758 32
0.730426 31
0.203576 31
0.184817 31
0.210049 31
0.192375 31
0.203921 31
0.404209 86
0.181101 76
0.142732 76
0.179851 76
0.173800 76
0.305776 83
6.910072 31
1.855451 35
0.512852 29
0.035068 29
0.042752 29
0.038162 29
0.040551 29
0.040267 33
0.040394 28
0.041437 28
0.040574 28
0.040598 29
0.040182 28
0.043705 28
0.037287 28
0.040411 28
0.040444 28
0.132568 32
0.507479 32
0.040771 32
0.040029 32
0.042863 32
0.040107 32
0.040459 32
0.040529 33
0.040577 29
0.517375 29
0.334715 29
1.094810 32
0.508671 32
0.039100 32
0.040583 32
0.040391 32
0.040478 32
0.040623 32
0.040159 32
0.040834 32
0.040166 33
0.040436 32
0.042424 32
0.040515 32
0.040414 32
0.040590 32
0.040421 32
0.040327 32
0.193478 32
0.142244 32
0.172288 33
0.141183 32
0.681441 32
0.323493 32
0.568292 32
1.357979 45
0.222579 45
0.487145 46
1.307774 35
0.162883 34
0.224080 34
0.150823 34
0.275938 34
0.921992 34
0.356780 34
1.508693 34
0.447774 34
0.295515 34
0.170331 35
1.524449 35
2.171796 35
4.212120 36
0.466979 35
0.253449 35
4.107646 35
0.225554 35
0.175845 61
0.153563 45
0.459024 29
0.174016 35
0.191746 34
2.148674 76
1.217577 33
0.081076 33
0.214531 33
0.169242 33
0.355351 32
0.509056 33
0.171496 33
0.165615 33
0.574712 33
0.508889 33
0.221888 33
0.445680 33
0.245686 33
1.771914 33
0.456615 33
0.103257 33
0.252882 33
0.164037 34
0.128971 33
1.876981 32
1.339623 32
1.307898 33
0.193485 33
0.171042 32
0.184606 33
0.131657 33
0.133618 33
0.393931 33
0.394456 33
0.183114 76
0.922311 33
0.121934 33
0.202551 33
0.273790 33
0.507991 43
0.203158 33
0.465804 32
0.314196 33
0.141622 33
0.397126 33
0.414658 33
0.265800 33
0.241701 33
0.210227 33
0.570693 33
0.774669 33
0.282416 33
0.162592 33
0.182140 33
0.141553 34
0.102138 33
0.497472 32
0.578143 33
0.171825 33
0.172884 32
0.192820 33
0.187840 33
0.217711 33
0.232143 33
0.428196 34
6.723879 42
0.100232 18
0.000413 39
0.798065 23
0.000193 33
0.509230 1
0.971598 1
0.669344 1
0.558520 26
0.034917 18
0.004654 62
0.003705 116
0.872613 13
0.233046 46
0.616718 2
1.073021 68
37.140435 4
1.346051 3
0.182034 3
0.162859 6
1.360028 1
0.122393 1
0.313495 2
0.001781 116
0.578637 33
0.214505 51
0.666235 2
0.072961 72
0.005952 49
0.000497 10
0.017563 27
0.000386 18
0.016172 1095
0.955170 25
0.000351 48
0.506297 25
0.000422 48
0.039979 25
0.000420 47
0.042096 24
0.001357 46
0.038022 24
0.000422 42
0.040054 23
0.000341 44
0.040076 24
0.000436 43
0.040042 24
0.000278 43
0.110969 24
0.000434 43
0.396339 67
0.171585 24
0.000238 43
0.243430 24
0.000234 43
0.141478 24
0.000752 42
0.182126 23
0.002247 44
0.231429 24
0.000482 46
0.426169 24
0.000270 49
10.902002 23
0.000831 91
0.407690 49
0.232563 48
0.904372 24
0.000297 44
0.222601 24
0.000372 40
0.161464 24
0.000501 40
0.324080 24
0.000245 40
0.909173 22
0.000449 86
0.662756 28
0.161776 28
0.161930 28
0.153759 28
0.141323 28
0.151686 29
0.111221 28
0.507560 28
0.041500 28
0.040392 28
0.040687 28
0.040202 28
0.040517 28
0.040512 28
0.040486 27
0.040344 30
0.040467 27
0.040372 27
0.183804 1
0.506610 1
0.467160 27
0.343752 27
0.204347 29
0.507475 30
0.040527 28
0.040447 28
0.239650 30
0.388271 32
0.040381 32
0.040407 32
0.315486 32
0.293214 32
0.213295 29
0.151636 28
0.184045 34
0.232661 31
0.232443 34
0.407431 31
1.019560 67
0.572952 31
0.040409 31
0.507645 31
0.041439 31
0.040446 31
0.040450 31
0.040435 31
0.333641 31
0.275029 31
0.162755 31
0.173579 31
0.161198 31
0.294214 31
0.204869 31
0.323751 77
0.302546 32
0.508589 31
0.040442 31
0.040529 31
0.040408 31
0.041355 31
0.040427 31
0.040348 31
0.040725 31
0.040284 31
0.040400 32
0.041058 31
0.039826 31
1.056831 53
0.363566 31
0.202223 31
0.153630 31
0.222502 31
0.935726 55
1.763441 17
0.000203 23
0.100619 17
0.003154 38
1.707737 22
0.000199 33
0.233342 1
0.203117 1
0.445945 1
0.913006 1
0.000125 25
0.007522 18
0.002786 62
0.005521 116
0.615809 13
0.252809 46
0.708774 2
0.911369 3
0.000229 65
9.306134 4
1.051471 3
0.171942 3
0.123271 6
0.942259 1
0.700601 1
0.577243 2
0.002028 116
0.995864 33
0.436781 51
0.452815 2
0.077037 72
0.006052 49
0.000767 10
0.012442 27
0.000373 18
0.016266 1115
0.297481 25
0.001570 61
0.595899 24
0.000312 43
0.384892 24
0.001841 49
0.454846 70
0.173026 25
0.000271 45
0.443657 25
0.000309 45
0.721848 25
0.000209 45
1.030598 116
0.532863 80
2.481085 90
0.822976 32
0.212360 32
0.247188 51
0.300468 74
0.215513 74
0.930223 71
0.479066 71
1.004777 32
0.273637 44
13.528354 42
0.100892 18
0.000560 39
1.170497 23
0.000222 33
1.611634 1
0.182898 1
0.353943 1
0.881968 1
0.000287 25
0.006974 18
0.009712 62
0.003274 116
0.844774 13
0.416300 46
0.820001 2
0.935852 3
0.000211 65
2.023055 4
0.335513 4
0.920812 3
0.506205 3
0.040428 6
0.040407 3
0.040680 3
0.040259 6
0.862633 1
0.517145 1
0.547678 2
0.002477 116
1.125459 33
0.182471 51
0.513913 2
0.072727 72
0.005709 49
0.000460 10
0.018726 27
0.000577 18
0.014141 1097
2.109238 25
0.002671 65
0.252794 25
0.001759 55
0.243090 25
0.000557 45
0.130613 25
0.000416 45
0.201570 25
0.000411 45
0.393009 25
0.002456 60
0.415655 25
0.001615 52
0.242983 25
0.000397 45
0.191612 25
0.000430 45
0.172453 25
0.000396 45
0.628250 25
0.002470 65
1.169860 23
0.000295 93
0.765712 32
0.436036 44
0.364904 55
0.239406 68
0.141860 45
0.172039 45
0.141235 45
0.199159 45
0.263894 45
1.850552 42
0.151344 34
1.359030 45
0.162902 42
10.535298 42
0.259155 42
1.523382 42
1.307690 42
2.687530 42
0.263417 43
0.637141 42
0.376245 42
1.642993 42
1.388739 42
0.496234 42
1.044861 98
0.749798 50
0.333330 42
0.367142 142
1.258925 42
0.100270 18
0.000540 39
0.605395 23
0.000187 33
0.506111 1
0.232409 1
0.466974 1
0.293901 1
0.000331 25
0.006993 18
0.004574 15
0.000143 47
0.003716 116
0.636945 13
0.265864 46
1.030847 2
1.068939 75
3.746051 1
0.141489 2
0.000222 24
1.198123 1
0.943017 1
0.426241 1
0.679050 2
0.000451 120
10.492022 1
0.111078 1
0.242555 2
0.002266 116
0.609929 33
0.860834 51
0.312182 2
0.070700 72
0.006817 49
0.000459 10
0.015360 27
0.000421 18
0.014725 1096
40.517421 25
0.000452 47
9.350498 23
0.100574 58
1.097186 23
0.100438 58
1.408411 54
0.782736 1
0.189691 1
0.355496 1
0.577511 1
0.000289 25
0.037984 18
0.003646 62
0.004381 116
2.416706 1
0.070734 1
0.223107 2
0.013706 124
0.001539 116
21.072692 1
0.547430 1
0.100977 1
0.112160 1
0.739181 1
0.628220 1
0.142634 1
1.378310 1
0.293942 1
0.335224 2
0.045079 116
1.170832 1
0.191761 1
0.103021 1
0.090897 1
0.223124 1
0.132319 1
0.151472 1
0.121202 1
0.161598 1
0.639314 1
0.121127 1
0.962376 4
0.191914 4
0.151460 4
0.539352 1
0.454402 4
0.162594 1
0.151621 1
0.090786 1
1.368442 1
0.141338 1
0.214175 1
0.983618 1
0.161537 1
0.678619 4
0.142797 4
1.245754 1
0.141660 1
0.357289 1
0.838733 3
0.171620 3
0.211811 3
0.101852 3
0.283826 3
0.213266 3
0.100848 3
0.191824 3
14.987893 7
0.130798 7
0.183628 7
0.141400 7
0.090929 7
0.335197 7
0.191973 7
0.384691 7
0.719179 3
0.263449 3
0.232583 3
0.142145 3
0.243371 3
0.993826 3
0.182272 3
1.509500 3
0.556305 3
2.777560 3
0.191867 3
0.284743 3
0.405950 3
0.135206 3
0.198065 3
0.213093 3
0.992938 3
0.100815 3
117.611562 7
0.631224 3
3.159956 2
0.160897 343
0.008117 116
3.156510 1
0.080796 1
0.164425 1
0.140583 1
0.080906 1
0.425153 1
0.132502 1
0.181815 1
0.475763 4
0.151427 4
0.651534 4
0.406075 1
0.175750 1
0.090851 1
6.323319 2
0.304989 56
4.225045 2
0.428362 333
0.003686 31
0.000918 111
0.006790 365
0.000690 42
0.002319 29
0.016076 174
0.007365 191
0.069004 40
0.000861 153
0.015197 120
0.271032 42
0.001800 35
0.010444 116
18.377337 1
0.121222 1
0.182119 1
0.476411 1
0.142377 1
0.435304 2
0.000884 106
2.159662 1
0.114816 1
0.077023 1
0.091040 1
0.234284 1
0.222250 1
0.151387 1
0.455583 1
0.942356 1
0.336336 2
0.031038 106
1.265956 1
0.162705 1
0.060540 1
0.111109 1
0.101030 1
0.145299 1
0.109332 1
0.161641 1
0.405030 4
0.161653 4
0.133462 4
0.435253 4
0.377512 1
0.134450 1
0.148682 1
0.809138 1
0.125024 1
0.149784 1
0.891883 1
0.831268 1
0.456601 4
0.933105 1
0.150788 1
0.253444 1
1.025143 1
0.131303 1
0.328180 1
0.735484 3
0.171723 3
0.173795 3
0.121281 3
0.141320 3
0.112107 3
3.435620 3
1.237634 3
1.206627 3
1.104220 7
0.173674 7
1.966239 3
0.191952 3
1.349812 7
0.131493 7
0.576693 3
1.722523 3
0.183806 3
0.121131 3
0.142546 3
0.112167 3
0.323255 7
0.485853 7
1.013377 3
0.061859 3
0.203059 3
0.110990 3
0.121060 3
0.436469 3
0.479592 3
0.738334 1
0.193923 1
0.181716 1
0.151483 1
0.190067 5
0.658543 5
0.459596 3
0.192911 3
0.162743 3
0.161512 3
0.574696 2
0.050851 34
0.005768 38
0.000947 84
0.001348 106
6.265087 1
0.111173 1
0.101000 1
0.080812 1
0.070759 1
0.253533 1
0.111121 1
0.142969 1
0.192391 1
0.800994 2
0.267128 1
0.000136 55
11.277655 2
0.339244 31
0.000428 29
0.001491 116
0.000346 78
0.000437 96
0.000671 32
0.000206 40
0.003032 56
0.011436 28
0.008606 127
0.079183 40
0.042575 113
0.000348 120
0.191971 75
0.001898 2
0.002869 106
36934.772860 1
4.673338 1
0.131221 1
0.181650 1
3.245314 1
0.872868 1
1.186269 1
0.151428 1
0.409800 2
0.003674 43
0.000366 106
1.406119 7
0.521949 1
0.191822 1
0.171635 1
0.692597 11
0.181741 7
0.206978 2
0.000793 116
1.782464 1
0.080542 1
0.165574 2
0.026691 124
0.001800 116
2.079003 2
0.229751 9
0.451187 8
0.407810 16
0.419007 34
0.621515 37
0.601342 18
0.277616 13
0.440225 33
0.580718 37
0.511059 14
0.428972 15
1.180464 1
0.212799 1
0.177817 1
0.181731 1
86.725182 3
0.370749 3
0.258120 3
0.612437 3
0.290241 4
0.523139 4
0.033508 4
0.035659 4
0.042912 4
0.034374 4
0.040290 4
0.041632 4
0.051007 4
0.038561 4
0.030760 4
0.046237 4
0.039805 4
0.043837 1
0.086726 1
0.017204 1
0.014958 1
0.049324 1
0.038328 1
0.045671 1
0.102852 1
0.151514 1
0.146661 1
0.597681 1
0.718447 1
0.143224 2
0.000628 106
1.412252 1
0.120837 1
0.101492 1
0.062076 1
0.079567 1
0.218458 1
0.221967 1
0.131576 1
0.289646 2
0.464321 1
0.000131 55
4.268907 2
0.526865 535
0.039032 30
0.002405 30
0.002097 30
0.000214 63
0.032558 88
0.038887 27
0.009483 14
0.020886 132
0.004716 106
3.050130 1
0.186034 1
0.489425 1
0.192455 1
0.349345 1
0.308796 1
0.430486 1
0.314021 2
0.000560 116
1.083001 1
0.147942 1
0.141708 2
0.014201 124
0.001487 116
1.810517 2
0.212756 9
0.182295 15
0.207703 17
0.253261 11
0.260361 9
0.263675 8
0.378762 16
0.440531 34
0.921530 1
0.874148 36
0.109451 18
0.212751 13
0.257282 33
1.429561 37
0.328181 14
0.319097 15
0.192906 46
0.841410 1
0.482283 3
1.012289 4
0.162772 1
0.124120 1
0.156804 1
0.511693 1
0.040731 1
0.040339 1
0.040637 1
0.040665 1
0.040250 1
0.040616 1
0.040465 1
0.041171 1
0.039891 1
0.520904 3
0.297094 5
0.349529 5
0.125938 1
0.509071 1
0.040673 1
0.040378 1
0.040574 1
0.040535 1
0.040479 1
0.040524 1
0.040614 1
0.045540 1
0.040491 1
0.040593 1
0.040487 1
0.541161 5
0.111467 5
0.931110 2
1.290381 17
0.000217 58
4.582108 1
0.188295 2
0.000210 24
1.666562 1
0.496390 1
0.158093 1
0.442551 2
0.015467 5
0.034006 115
3.942417 1
0.800487 1
0.644592 2
0.011230 116
5.137654 1
0.071017 1
0.293288 1
0.050010 1
0.178828 1
0.270486 2
0.001005 106
1.145873 1
0.196215 1
0.172353 1
0.141891 1
0.480518 4
0.162108 4
0.157076 4
0.162196 4
0.152060 1
0.421645 1
0.176334 1
0.101455 1
0.092284 1
0.233269 1
0.167201 1
0.151877 1
0.141959 1
4.587149 4
0.579997 4
0.009156 4
0.032540 4
0.017922 4
0.040605 4
0.040538 4
0.040696 4
0.040787 1
0.040249 1
0.040441 1
0.040665 1
0.040445 1
0.040507 1
0.040734 1
0.040797 1
0.045237 1
9.200979 1
0.091141 1
0.233217 1
0.850953 1
0.309723 1
0.828202 1
0.125732 1
1.298241 2
0.000683 116
0.575401 7
0.177521 10
0.172316 38
0.172813 38
0.167081 9
0.173370 15
0.172528 17
0.186906 11
0.182518 9
0.184235 8
0.186508 16
0.202752 34
0.268901 37
0.324590 18
0.287995 13
0.304140 33
0.319544 37
0.301124 14
0.430036 15
0.324587 46
0.420870 51
0.630784 2
0.157322 72
0.007639 60
0.013123 27
0.000392 18
0.002220 2011
0.000963 989
1.143042 21
0.002842 83
6.450043 30
0.258879 28
0.121681 28
0.158259 28
0.857513 36
0.158134 36
1.454883 28
0.487028 36
0.096208 28
0.050685 28
0.613901 28
0.192716 28
0.085816 28
0.133689 28
0.150760 29
1.076360 47
0.101996 39
0.401368 28
3.431762 38
0.071525 38
0.184428 38
0.185437 38
0.163344 38
0.161671 38
0.822008 38
0.172211 38
0.465121 29
0.470545 39
3.362869 28
0.122082 28
0.162398 28
0.127079 28
2.461184 47
1.569305 27
0.070713 28
1.792353 36
0.258894 28
0.413377 28
0.058444 30
0.471919 29
0.142445 29
0.268211 29
0.173507 29
0.142311 29
0.196835 29
0.777609 29
0.182816 39
0.759964 28
0.111581 28
0.164241 28
0.167322 28
0.089533 47
0.362536 27
0.866319 28
0.117514 28
0.191961 30
0.614358 29
0.145841 29
1.000288 29
0.210538 29
0.181361 29
0.711393 29
2.018740 38
0.063873 38
0.172700 38
0.152795 38
0.175761 38
1.518448 29
0.365363 29
0.097418 29
0.131744 29
0.172833 29
0.177283 29
0.481143 29
0.213586 39
6.141205 36
0.676013 28
0.085996 28
0.101523 39
0.111920 27
0.213080 28
0.136180 28
0.172521 28
0.101531 28
0.660546 30
0.134842 42
0.481071 34
0.141586 42
0.443852 28
0.302745 72
0.259974 68
0.243164 68
0.361655 42
0.362838 27
0.539112 29
1.671125 32
0.091410 32
0.085276 44
0.101707 31
0.131828 32
0.361773 32
0.120424 32
0.383128 33
0.294330 42
0.166390 41
0.153282 41
0.755435 41
0.995397 32
0.086781 32
0.121231 44
2.645129 39
0.121719 32
0.116776 32
0.183036 32
1.701242 32
0.061548 72
1.614236 32
0.097526 32
0.167531 32
0.223339 32
0.259282 48
1.150557 31
0.237433 32
0.152079 33
0.193037 32
2.455233 41
0.208956 42
0.182214 41
1.549734 32
0.122081 33
0.209340 32
0.146481 32
0.066547 32
0.208743 32
0.457071 41
0.166484 32
0.202967 32
3.058584 32
1.664033 41
0.196040 41
0.182452 41
0.188454 41
0.183499 41
0.161732 41
0.137271 42
0.191409 41
0.584336 32
0.061286 33
0.168653 32
0.082750 32
0.386468 48
1.082910 42
0.788578 32
0.071144 32
0.208164 32
0.152476 32
0.122661 32
0.237857 33
0.141986 32
0.674932 32
0.641876 72
1.176740 32
0.115601 48
0.168744 36
0.191165 32
0.233977 32
0.205890 50
0.335645 31
0.126972 33
0.156367 48
0.779083 36
0.050521 32
0.192789 32
0.142420 50
0.142974 31
0.639938 31
0.286690 46
0.541088 41
0.544078 44
0.781836 32
0.101182 32
0.152953 32
0.177340 33
0.203563 32
0.147064 32
0.195156 32
0.431284 32
0.355959 72
1.520803 32
0.147210 32
0.365983 32
0.188674 46
0.452317 31
0.676199 32
0.115252 32
0.143629 33
0.193182 46
0.081316 40
0.173846 32
0.135043 32
0.081390 32
0.172433 32
0.680984 32
0.646913 41
0.223444 32
0.187877 76
3.071975 76
0.120612 33
0.284291 33
0.178456 33
0.192816 33
0.792009 33
0.142318 33
0.474344 32
0.674994 34
0.085414 33
0.418103 33
0.151499 33
1.892234 33
0.163919 57
0.350079 33
0.106180 46
0.709857 32
1.165989 56
0.082331 56
0.290567 81
0.060516 63
0.152821 56
0.052295 56
0.227542 56
1.663827 32
1.233732 32
0.386020 32
1.120032 47
0.152595 33
0.513045 33
0.111706 33
0.122388 33
0.159551 34
0.898403 33
0.220438 33
0.744838 33
0.109611 33
0.190300 33
0.361603 43
0.134906 33
0.095629 33
0.364948 33
0.112147 57
0.341486 33
0.123209 47
45.300893 33
0.923251 57
0.104443 56
0.118252 56
0.090254 56
0.250221 85
1.039205 66
0.245288 56
0.135212 56
0.368862 56
0.145771 56
0.565798 57
0.165418 56
0.199864 56
3.266549 32
0.488831 1
1.231692 48
0.146478 33
0.399233 33
0.115253 33
0.122665 33
0.152065 33
0.168575 34
0.345453 44
1.139250 34
0.149407 33
1.428799 33
0.173137 33
0.423767 43
0.233166 33
0.260752 33
0.020322 33
1.584483 33
0.102659 33
0.943928 43
0.151328 43
0.835821 33
0.071752 57
0.362758 33
0.134738 46
0.716671 32
0.494965 56
0.120137 98
0.156903 60
0.525850 81
0.223296 60
0.179700 56
0.272900 56
0.232083 87
0.688264 68
3.526665 56
0.104829 56
0.195518 56
0.146012 56
0.387997 57
0.114776 56
0.203240 56
3.757451 32
1.188301 48
0.151670 33
1.451268 33
0.105919 33
0.143457 33
0.155088 33
0.935887 34
0.131609 33
2.033407 33
0.118472 33
0.208864 88
0.255961 33
0.161465 33
0.097162 68
3.178651 35
0.311819 1
0.415427 35
0.310164 32
0.186108 32
0.156960 32
0.183320 32
0.289041 33
0.244463 32
0.163717 32
0.177360 33
0.163067 32
0.172950 32
0.169552 32
0.182669 32
0.184083 32
0.179509 84
0.244393 60
0.270404 61
0.400753 75
0.507591 84
0.312819 105
0.443040 32
0.142807 32
0.514867 32
0.039811 32
0.053579 32
0.042232 32
0.032006 33
0.039137 32
0.040777 32
0.040586 32
0.040801 32
0.040747 32
0.040771 32
0.040902 32
0.048126 1
0.940537 33
0.146255 46
0.548876 32
1.794021 56
0.112025 57
0.147765 56
0.203950 83
0.093545 64
0.094412 56
0.112524 56
0.081214 56
0.202505 56
0.458835 32
0.306883 1
0.949779 47
32.495836 32
0.361565 34
0.392171 34
0.645499 76
1.058161 33
0.209224 33
0.153771 33
0.193409 47
0.198892 32
2.261806 33
0.250599 33
0.121566 34
0.203252 47
0.060825 41
0.273025 33
0.164953 33
0.420167 33
4.312952 76
0.421376 33
0.967704 33
0.143261 33
0.163405 33
0.518611 33
0.346618 33
0.384953 53
2.182445 33
0.122133 33
0.183720 33
0.251373 33
0.112315 33
0.767965 33
0.281170 33
0.224418 33
0.189239 33
0.194426 33
0.161619 34
0.065181 33
0.174408 33
0.193489 33
0.261086 33
0.625937 33
6.076203 76
0.359249 33
0.193396 33
0.132835 33
0.352367 47
1.274186 32
0.198034 33
0.203521 33
0.071480 34
0.191343 47
1.637355 41
0.351133 33
0.082122 33
0.264937 33
0.453201 43
0.919915 33
0.069593 33
0.105915 33
0.092846 33
0.174891 33
0.495103 34
0.513684 76
0.575604 33
0.173661 33
0.301590 33
1.221937 33
0.794770 43
0.193926 43
0.269811 43
0.203906 41
0.978455 30
0.526216 227
2.657544 76
0.630325 33
0.245399 33
0.152585 33
1.373683 47
0.122445 32
0.156846 33
0.224345 49
1.926712 38
0.680011 63
0.794721 38
0.264516 33
0.138048 33
0.192948 51
2.586717 32
0.183181 33
0.198445 33
0.347072 33
0.630661 47
0.326302 41
0.435505 34
0.101712 33
0.177454 33
0.142418 33
0.254762 33
0.169910 33
0.223557 33
11.018831 43
0.821167 43
1.257180 33
0.350582 33
0.959788 34
0.377159 35
0.373697 32
0.279962 33
0.173411 32
0.152844 32
0.142694 32
0.157119 32
0.173722 32
0.152569 32
0.180413 55
0.203636 32
0.302157 46
3.937411 34
0.117902 33
0.113244 33
0.141848 33
0.434843 33
1.372292 43
0.173066 43
0.193720 43
0.176903 43
0.163338 44
0.282994 66
0.964821 47
0.133481 34
0.174590 33
0.133545 33
0.094656 33
0.366661 33
0.426099 33
0.141308 33
1.217924 33
0.101931 33
0.279906 33
0.214131 34
0.281047 33
0.090821 57
0.414632 33
0.105828 46
0.445177 32
2.911764 56
0.197387 56
0.134578 56
0.169039 56
1.849415 56
0.322646 56
0.152093 57
0.276031 56
0.218803 56
0.204105 56
0.059909 56
0.108361 56
0.121857 56
0.214622 56
0.494748 32
0.995171 48
0.143314 34
0.138156 33
0.122498 33
0.299664 33
0.223789 33
0.618508 33
0.157443 33
4.295439 33
0.659832 33
0.101565 33
0.207506 34
0.142742 33
0.102009 57
0.447193 33
0.114159 46
0.474575 32
1.505961 56
0.176716 56
0.152797 56
0.213559 83
0.079187 64
0.211916 56
0.133019 57
0.556960 32
1.536814 73
0.442322 32
0.513152 47
0.039717 32
0.040794 33
0.040906 32
0.045846 32
0.040925 32
0.040625 32
0.040757 32
0.041000 32
0.040760 32
0.040706 32
0.040808 32
0.040853 33
0.044514 50
0.040409 32
0.039292 39
0.038902 32
0.045845 32
0.040952 32
0.040702 32
0.041377 32
0.040185 32
0.040783 33
0.040789 32
0.040999 32
0.040621 32
0.041033 32
0.040640 32
0.044740 56
0.045250 32
0.039301 47
0.038846 32
0.041135 33
0.040498 32
0.040772 32
0.040702 32
0.040869 32
0.041073 32
0.040511 32
0.040967 32
0.040693 32
0.045871 32
0.046378 51
0.039259 32
0.040595 39
0.038808 32
0.040922 32
0.040799 32
0.040839 32
0.042148 32
0.039333 32
0.040838 32
0.040997 33
0.040629 32
0.044842 32
0.040757 32
0.040767 32
0.056927 55
0.028657 32
0.039554 46
0.038115 32
0.040851 32
0.041111 33
0.040429 32
0.041315 32
0.043498 49
0.046958 32
0.038759 38
0.038626 32
0.040582 32
0.041434 32
0.040224 32
0.040802 33
0.040851 32
0.040845 32
0.311014 32
0.193870 32
0.322220 32
0.535590 32
2.945042 136
0.147849 135
0.240122 135
0.173769 135
0.674663 146
0.151979 146
0.168352 146
0.152925 161
0.960502 116
0.163177 157
0.352864 32
1.171718 158
0.111761 158
0.112127 158
0.200923 158
0.423444 158
0.092491 158
1.191708 169
0.149154 169
0.163414 169
0.133330 169
0.177846 169
0.458971 169
1.999213 158
0.413567 158
0.362866 158
0.141733 158
0.382861 158
0.133978 158
0.167098 158
1.782703 158
0.362715 223
0.505834 33
0.265076 32
0.169154 32
0.183741 32
0.515230 32
0.040894 32
0.044037 66
0.040900 47
0.042440 54
0.036303 32
0.040281 33
0.045799 32
0.040875 32
0.040863 32
0.042732 70
0.042891 47
0.039017 61
0.039054 32
0.040289 32
0.040851 32
0.040907 33
0.040714 32
0.040834 32
0.040815 32
0.045897 32
0.379487 32
0.248162 32
0.376518 32
0.683857 138
2.062446 35
0.254907 34
0.147777 1
0.515213 1
0.276620 35
0.340859 35
0.152983 32
0.342376 35
0.709714 32
0.513991 32
0.040774 32
0.040842 32
0.045944 32
0.041893 32
0.040596 32
0.040944 32
0.224407 33
1.176264 70
0.174221 70
0.629021 70
1.699469 32
0.290112 32
0.515447 32
0.040815 32
0.040794 32
0.040794 32
0.048110 50
0.036581 33
0.044765 39
0.244117 32
0.442839 32
0.163322 32
0.178572 32
0.215431 32
0.402974 31
0.412295 32
1.153077 92
0.143689 120
0.392824 32
3.418132 121
0.262468 121
0.187858 121
0.151408 121
0.417969 121
1.581567 33
0.516280 32
0.034049 32
0.041418 32
0.039379 32
0.040296 32
0.042021 52
0.041755 32
0.039020 40
0.038608 32
0.045537 33
0.040406 32
0.040379 32
0.040374 32
0.040814 32
0.039955 32
0.040390 32
0.040396 32
0.040375 32
0.040338 32
0.042064 57
0.042156 32
0.038788 47
0.044580 32
0.041369 32
0.040670 32
0.044084 32
0.228313 32
0.166541 32
0.201972 32
2.397087 133
2.045254 29
0.872064 107
1.202980 98
0.723116 29
0.808621 29
0.458568 35
0.570265 33
0.329160 93
0.510036 35
0.202053 29
1.721027 63
0.146794 77
0.754866 32
0.869061 78
0.367485 78
0.282100 78
0.727025 78
0.131012 78
0.151739 79
4.492487 78
0.267559 78
0.203388 29
0.215989 32
0.181860 32
0.151314 33
0.839319 86
0.170389 85
0.632461 29
0.207016 29
0.833047 29
0.858343 29
0.238131 32
0.192127 33
0.171507 32
0.175617 32
0.131402 32
0.192108 32
0.177498 32
0.174168 32
0.606227 169
0.452828 162
0.397321 221
0.889495 62
0.200723 32
0.181396 32
0.156372 32
0.171603 33
0.151657 32
0.166566 32
1.074225 32
0.253845 181
1.956431 111
0.165864 153
0.435695 32
0.574147 154
0.377082 32
0.886637 155
0.141352 155
0.145871 155
0.242705 155
0.070659 155
0.104916 156
0.202862 155
0.162831 155
0.227249 155
0.603446 155
0.210304 219
0.644599 340
0.533685 32
0.181550 32
0.509490 32
0.039905 32
0.040419 32
0.040390 33
0.040414 32
0.042883 51
0.040291 32
0.044578 39
0.038783 32
0.040898 32
0.040098 32
0.040198 32
0.040558 32
0.040361 33
0.040369 32
0.042830 55
0.040708 32
0.038799 46
0.039260 32
0.040401 32
0.045814 32
0.042031 32
0.040525 32
0.222090 33
0.286720 32
0.811815 170
3.278623 86
0.161115 114
0.341056 32
0.496372 115
0.161605 115
0.138145 115
0.156892 115
0.696004 115
0.238140 116
0.661921 115
0.121297 115
0.247457 115
0.120569 115
0.085223 115
0.151537 115
0.095518 115
0.178431 115
0.571519 115
0.257313 116
0.654825 32
0.510036 32
0.040373 32
0.040454 32
0.040649 32
0.040159 32
0.043317 52
0.039471 32
0.039355 40
0.039592 33
0.044290 32
0.040412 32
0.040418 32
0.040408 32
0.040433 32
0.040489 32
0.040305 32
0.040466 32
0.040398 32
0.040400 33
0.040364 32
0.042589 56
0.046380 32
0.041174 47
0.037556 32
0.040515 32
0.040287 32
0.040470 32
0.040352 32
0.040370 33
0.899997 32
0.271595 126
1.676414 48
0.384258 48
0.166555 48
0.161579 48
0.111586 48
0.176052 48
0.120540 49
1.378727 60
0.171249 59
0.152022 59
0.156345 59
0.182103 59
0.090278 59
0.164899 73
1.543460 56
0.414105 70
0.341827 32
0.577159 71
0.450189 71
0.122260 71
0.194920 71
0.060931 71
0.192048 72
0.040239 71
1.071628 71
0.297065 71
1.372887 30
0.171635 29
0.161659 29
3.720590 29
0.182266 32
0.201510 33
0.166137 32
0.163131 32
0.169807 32
0.196828 35
0.338456 32
0.173725 32
0.151517 32
0.175758 32
0.151442 32
0.232329 32
0.337609 157
0.354416 29
0.836700 41
0.237123 41
0.335460 32
0.480688 42
0.224542 42
0.191988 42
0.227995 42
0.145734 42
0.955013 43
0.181525 42
0.238048 42
0.121020 42
0.091074 42
0.080266 42
0.179586 42
0.791287 42
0.197593 42
0.325182 32
1.130487 34
0.166469 33
1.010423 33
0.059454 33
0.182494 33
0.060590 33
0.931453 33
0.074024 57
0.314532 33
0.117229 46
0.598508 32
0.927850 56
0.208137 57
0.162222 56
0.591150 83
0.549067 64
0.368866 56
0.144056 56
0.370688 56
0.100159 56
0.124052 56
0.110843 56
0.213961 57
1.930628 56
0.131720 56
0.309803 56
0.080342 56
0.741499 56
0.176882 56
0.313322 56
0.157197 56
4.654572 50
0.250559 35
0.175896 35
0.813299 35
0.560921 78
1.317732 41
0.151512 41
0.320054 32
0.519647 42
0.348069 42
0.151570 42
0.223167 42
0.126043 42
0.283020 43
0.176736 42
0.182049 42
0.277840 42
0.324741 42
0.186489 42
1.486391 42
0.186964 42
0.390965 32
2.143601 29
0.264712 53
0.614842 39
0.150203 32
0.171819 32
0.178698 32
0.181940 32
0.181922 32
1.009531 76
0.144956 76
0.704079 29
0.192022 32
0.939310 77
0.145399 77
0.386223 29
0.278458 32
0.191989 32
0.247963 32
0.729525 33
0.141086 34
0.902622 33
0.081332 33
0.145915 33
0.101780 33
1.000802 33
0.121535 57
0.640077 33
0.103765 46
0.422942 32
0.706599 56
0.324226 97
0.501273 65
0.155227 63
2.319572 56
0.216832 56
0.131591 57
0.295902 83
0.499320 64
0.603899 56
0.201213 56
0.320520 56
0.232856 56
0.145491 56
0.312096 56
0.829995 63
0.172875 63
0.197050 63
1.042139 63
0.211893 63
0.498839 56
0.210688 56
0.166823 56
0.275030 56
0.144637 56
0.776381 32
0.244693 1
0.960175 49
0.140186 33
1.155519 33
0.115649 33
0.141292 33
0.182594 33
0.901417 33
0.161901 33
6.795739 36
0.273113 35
0.193554 58
0.226531 48
0.890416 58
0.302469 49
0.759488 58
0.612471 32
0.160835 46
0.216800 32
0.182009 32
0.266911 29
0.183858 32
0.202315 32
0.168904 52
0.160869 32
0.202183 38
0.197947 32
0.162034 33
0.181661 32
0.155733 32
0.192224 32
0.847740 72
0.130789 72
0.504699 29
0.267952 32
0.151707 33
0.151717 32
0.919007 77
0.150583 77
0.443082 29
0.188406 32
0.151945 49
0.509488 32
0.040114 39
0.039382 32
0.040459 32
0.040400 32
0.040500 32
0.040465 32
0.409507 32
0.392225 32
0.578738 62
0.191858 62
1.037502 32
0.511701 32
0.040447 32
0.040315 33
0.040550 32
0.041893 51
0.039869 32
0.040102 39
0.039950 32
0.040438 32
0.040473 32
0.040415 32
0.040470 32
0.051867 56
0.036607 32
1.220649 47
4.252258 42
0.100355 18
0.000394 39
0.571011 23
0.000183 33
0.363667 1
0.115351 1
0.409533 1
0.896447 1
0.000466 14
0.000130 11
0.003866 24
0.003965 62
0.004925 116
1.070226 13
0.260118 24
0.252765 10
0.348840 38
0.298368 38
0.581612 35
0.900071 1
0.192136 1
0.257898 3
0.172928 3
9.712482 4
0.207134 1
1.496676 4
0.146790 1
0.797770 1
0.509934 1
0.040355 1
0.045513 1
0.041495 1
0.040469 1
0.040431 1
0.040441 1
0.040445 1
0.040524 1
0.040405 1
0.376355 5
0.101217 5
0.134319 1
0.509787 1
0.040398 1
0.040448 1
0.045473 1
0.040529 1
0.040363 1
0.040449 1
0.040460 1
0.040439 1
0.040429 1
0.040560 1
0.310377 1
0.222499 1
0.388308 3
0.295534 5
0.141442 5
3.924453 2
0.503875 195
0.003883 444
0.002403 612
0.054922 116
3.307486 33
0.198220 51
0.401590 2
0.065384 65
0.003868 7
0.003272 49
0.000408 10
0.014595 27
0.000312 18
0.010546 1552
0.704575 25
0.000351 42
0.510511 25
0.000359 42
0.040055 25
0.000923 43
0.039500 25
0.000213 42
0.040452 25
0.000472 42
0.039754 25
0.000366 42
0.040114 25
0.002966 68
0.037475 25
0.001384 60
0.044506 24
0.000344 48
0.039731 25
0.000376 48
0.040066 25
0.000231 48
0.040427 72
0.040228 25
0.000375 47
0.040111 24
0.000249 46
0.212165 24
0.001762 46
0.185351 24
0.000384 46
0.191852 24
0.011346 64
0.130203 24
0.008173 58
0.191083 23
0.000385 44
0.820146 24
0.000357 40
0.849282 24
0.000376 40
1.152757 22
0.000717 86
0.523736 28
0.237225 28
0.300131 40
1.334791 40
0.100346 17
0.002354 33
2.847171 22
0.000175 33
0.278040 1
0.171863 1
0.359163 1
0.622099 1
0.000289 25
0.026766 18
0.003768 62
0.004705 116
0.701824 13
0.227653 46
0.587842 2
0.556834 431
0.003179 269
0.056682 116
16.737943 33
0.561589 51
0.368362 2
0.072981 72
0.005614 59
0.014697 27
0.000435 18
0.007017 1545
0.744124 24
0.000568 40
0.353577 24
0.000376 40
0.236495 24
0.000149 25
0.369452 64
0.232329 24
0.000227 40
3.281825 22
0.000263 86
0.654508 28
0.612120 28
0.232565 30
0.526868 56
0.037959 43
0.033121 28
0.040477 28
0.040470 28
0.040489 35
0.040617 29
0.040329 29
0.040449 29
0.040513 33
0.041155 34
0.039748 33
0.040474 28
0.045595 28
0.111278 32
0.511572 32
0.039872 32
0.020280 29
1.112980 32
0.512057 32
0.040450 32
0.042165 32
0.038724 33
0.040565 32
0.044438 32
0.040476 32
0.040452 32
0.040518 32
0.040578 32
0.040361 32
0.040739 32
0.040742 32
0.044804 53
0.037789 32
0.039395 40
0.039344 32
0.040662 32
0.045998 32
0.040829 32
0.040606 32
0.040844 32
0.039992 32
0.040474 33
0.041590 32
0.039288 32
0.040455 32
0.042697 56
0.040422 32
0.039450 47
0.044427 32
0.040724 32
0.202026 29
0.161906 32
0.196926 32
0.191567 32
0.237865 32
2.399503 80
0.841521 47
0.187754 32
0.148803 32
0.152369 32
0.479078 32
0.192248 32
0.152617 32
0.181643 32
0.182180 33
0.525749 44
1.055551 42
0.100461 18
0.000777 39
0.552272 23
0.000212 33
0.242604 1
0.177102 1
0.384517 1
0.430086 1
0.000767 25
0.007262 18
0.003780 62
0.003095 116
0.686199 13
0.232776 46
0.684291 2
0.877828 110
0.001426 116
29.596351 33
2.389053 51
0.646799 2
0.077110 72
0.006059 59
0.013190 27
0.000388 18
0.011128 1551
0.801163 25
0.000386 48
0.678848 25
0.000349 46
0.982656 24
0.000392 48
0.924868 25
0.000351 45
0.518129 25
0.000338 45
0.040049 25
0.000380 45
0.040139 25
0.001077 45
0.039349 25
0.000360 45
0.040151 25
0.000251 45
0.040759 25
0.001263 46
0.038699 25
0.001725 68
0.038789 25
0.001434 59
0.039064 25
0.000256 45
0.040265 25
0.000211 45
0.040250 25
0.000250 45
0.040255 25
0.000346 45
0.042385 70
0.042330 25
0.000359 45
0.040184 25
0.002965 60
0.037478 25
0.001484 56
0.038976 25
0.000240 45
0.040303 25
0.000359 45
0.040124 25
0.000206 45
0.040278 25
0.000368 45
0.040116 25
0.000253 45
0.040261 25
0.000355 45
0.040158 25
0.000233 45
0.040247 25
0.001554 45
0.038961 25
0.000309 45
0.045269 25
0.000346 46
0.040134 25
0.000253 45
0.041078 70
0.039635 25
0.000253 45
0.040262 25
0.000362 45
0.040095 25
0.000348 45
0.040202 25
0.000362 45
0.040762 25
0.000349 45
0.039468 25
0.000369 45
0.041868 25
0.000641 45
0.338860 25
0.000352 46
1.010878 25
0.000509 46
1.880659 29
0.151580 23
0.000184 6
1.624587 23
0.000271 95
0.462660 33
1.093659 88
0.155941 101
0.375877 32
0.757738 102
0.111960 102
0.100347 102
0.187736 102
0.131887 102
0.092264 102
0.131422 102
0.187385 102
0.614204 102
0.173358 103
0.174817 102
0.212808 102
0.121504 102
0.100950 102
0.148365 102
0.110170 102
0.193107 102
0.216943 102
0.131424 102
0.511178 103
0.111348 102
0.208114 102
0.171446 102
0.234219 102
0.074538 102
0.543735 102
0.353901 102
0.162283 102
0.207530 102
0.111372 103
0.208341 102
2.389406 102
0.401934 32
1.019972 93
0.147170 93
0.585180 156
3.109993 42
0.101995 18
0.000189 36
0.453322 23
0.000198 33
0.242756 1
0.198396 1
0.379624 1
0.621614 1
0.000313 25
0.031575 18
0.005159 8
0.003359 54
0.000987 116
0.422213 13
0.232848 46
0.999208 2
0.836605 132
0.001744 126
1.851042 1
0.105218 1
0.182113 2
0.010901 154
0.001549 116
21.026275 1
0.151840 1
0.050629 1
0.141773 1
0.759125 4
0.162052 4
0.161844 4
0.156954 4
0.460552 1
0.253016 1
0.121491 1
0.490974 1
0.277446 1
0.152236 1
0.186817 2
0.000630 106
0.847349 1
0.130050 1
0.074773 1
0.1012