0.054229 106
3.891496 1
0.060249 1
1.371388 1
0.736084 4
0.160669 4
0.242259 4
0.624665 1
0.050353 1
0.252138 1
0.152672 1
0.804695 1
0.363631 1
0.343472 1
0.724549 2
0.000341 116
1.260893 1
0.140785 1
0.150686 1
1.844389 1
1.336525 1
4.227084 1
0.111122 1
0.392948 1
0.502407 1
0.485498 4
0.141360 4
0.140437 4
1.492002 1
0.373871 1
1.565661 20
2.768869 2
0.047631 72
0.004666 61
0.000431 10
0.024068 31
0.000226 14
0.003756 2022
1.180392 22
0.100434 55
0.464265 47
0.000461 6
0.191862 1
0.211367 1
1.905505 1
0.714484 1
0.000334 37
0.022980 18
0.004144 62
0.002404 116
2.622642 1
0.089952 1
0.111511 1
0.293981 1
1.187581 1
0.231020 1
0.546104 1
0.363281 1
0.000203 10
1.530698 1
0.141786 1
1.047677 1
0.563121 1
0.686005 2
0.049114 72
0.003736 57
0.000861 10
0.010126 31
0.000208 14
0.005486 1738
1.412630 24
0.100187 61
0.514014 49
0.000463 6
0.432366 1
0.182925 1
0.341461 1
0.452339 15
0.000130 19
0.007178 18
0.003543 62
0.002373 116
2.549305 1
0.125510 1
0.066262 1
0.251082 1
1.260710 1
0.271193 1
0.094768 1
0.107132 1
0.180998 1
7.675146 1
1.399679 9
1.391910 1
0.130735 1
0.353453 1
0.151261 1
1.270636 2
0.046749 72
0.003419 57
0.001145 10
0.009188 31
0.000207 14
0.008042 1312
1.079760 25
0.100575 64
0.626058 50
0.000544 6
0.191519 1
0.190920 1
0.342385 1
0.605307 15
0.000130 19
0.027681 18
0.003465 62
0.003117 116
1.287112 1
0.140703 1
0.110618 1
0.876405 1
1.039932 4
0.876843 1
0.645808 1
0.301909 1
0.120570 1
0.162463 1
0.343594 1
0.817963 1
0.603089 4
0.140701 4
0.141730 4
0.150795 4
0.301911 4
0.373612 1
0.365804 1
0.110583 1
0.120583 1
0.683878 1
0.212502 1
0.460918 16
6.911697 4
0.504632 4
0.042189 4
0.040131 4
0.040256 4
0.040275 4
0.040140 4
0.040376 4
0.040097 4
0.040253 4
0.040150 4
0.039638 4
0.040800 4
0.040196 4
0.040597 4
0.040746 4
0.040211 4
0.040171 4
0.040235 4
0.040204 4
0.211133 4
0.181300 4
0.625291 1
0.202536 1
0.151307 1
0.230938 1
0.497134 12
1.185646 2
0.050175 72
0.003452 55
0.001110 8
0.004973 31
0.000206 14
0.000302 2047
0.000658 52
0.898729 22
0.100699 32
0.000538 23
0.504852 47
0.000656 6
0.221498 1
0.179964 1
1.220463 1
0.524570 15
0.000130 17
0.024687 16
0.003166 62
0.002402 116
1.069930 1
0.140653 1
0.112826 1
0.452189 1
1.331747 1
0.322755 1
0.110026 1
0.433926 1
0.464681 1
0.393025 4
0.141350 4
0.714669 1
0.535761 1
0.232129 1
0.483026 1
0.302465 1
0.364389 1
1.076889 4
0.182644 4
0.140812 4
0.394088 4
0.203411 17
0.846185 2
0.055623 72
0.004451 61
0.000812 10
0.009994 27
0.001366 18
0.005324 1065
0.677078 24
0.100619 61
0.534166 49
0.000233 6
0.232912 1
0.162606 1
1.140972 1
0.361086 15
0.000161 23
0.022749 18
0.003145 33
0.000149 29
0.002324 116
11.681292 1
0.181074 1
0.089957 1
0.110555 1
0.122142 1
1.553135 4
0.170840 4
0.150425 4
0.131678 4
0.322672 1
0.101091 1
0.116389 1
0.207316 1
0.231214 1
0.261765 2
0.000385 106
1.140290 1
0.121028 1
0.090401 1
0.120769 1
0.939372 1
0.341304 1
0.152520 1
1.402261 1
0.341798 1
0.989205 4
1.057834 4
0.142469 4
0.160845 4
0.142171 4
0.262896 4
0.181014 4
0.139991 4
0.152420 4
0.558748 26
0.161281 44
0.170702 33
0.171251 34
0.171653 39
0.160498 36
0.172381 67
0.170886 128
0.169853 15
0.496522 12
0.302960 70
0.391932 128
0.252339 15
0.444908 10
1.956200 44
0.253131 120
1.381426 46
0.192100 120
0.180918 13
0.363902 16
0.160929 12
0.172562 15
0.160227 46
0.150614 107
0.160711 182
0.000950 256
0.150379 46
0.395995 46
0.160549 65
0.181064 47
0.162086 25
0.160118 47
0.614279 47
0.071123 28
0.120676 44
0.212973 65
1.413882 46
0.200270 46
0.181859 108
0.171192 434
0.171641 120
0.160725 12
0.192196 15
0.190239 13
0.183780 16
0.201110 46
0.211297 47
0.192879 13
0.201086 12
0.171673 70
0.160417 125
0.232156 33
0.243892 43
0.190552 34
0.252689 37
0.181352 44
0.180520 29
0.252707 1
2.277275 1
0.181859 1
0.633866 1
0.516543 1
0.252298 1
0.392179 1
0.322865 1
0.161224 2
0.000360 116
0.407759 7
0.170643 33
0.172380 44
0.170767 33
0.160788 34
0.162956 39
0.170643 36
0.141140 69
0.152857 313
0.161898 15
0.190981 10
0.533943 44
0.171934 49
0.183247 13
0.161823 16
0.181852 12
0.170112 15
0.172811 46
0.170543 107
0.181404 463
0.394125 46
0.444456 46
0.343680 65
0.291338 47
0.594369 25
0.233513 47
0.210949 26
0.212204 14
0.392212 11
0.212228 23
0.311317 47
0.506684 28
1.161032 25
2.652734 47
0.312954 26
0.371901 14
0.383852 10
0.343110 22
1.459809 1
0.191836 1
0.444415 1
0.211075 1
0.292532 4
0.503663 4
0.040251 4
0.039578 4
0.040851 4
0.040212 4
0.039605 4
0.042796 4
0.040172 4
0.039707 4
0.040749 4
0.040267 4
0.040237 4
0.041399 4
0.040172 4
0.040140 4
0.040008 4
0.039479 4
0.040772 4
0.041178 4
0.040692 4
0.039808 4
0.040159 4
0.040444 4
0.040219 4
0.040172 4
0.040287 1
0.039233 1
0.040252 1
0.040044 1
0.040860 1
0.039587 1
0.890008 1
0.155596 1
0.237578 1
0.342538 1
0.141000 1
0.150833 1
0.141867 2
0.000567 106
1.179748 1
0.125581 1
0.096693 1
0.081590 1
0.307900 1
0.286085 1
1.666174 1
1.161338 1
6.082835 1
0.726140 1
0.110080 1
0.130817 1
0.153296 1
0.322773 1
0.816606 1
0.454436 1
0.533891 1
0.827727 1
0.140907 1
0.171888 1
0.160286 1
0.192507 1
0.104489 1
0.146994 1
0.050316 1
0.434443 4
0.152774 4
0.181007 4
0.584244 1
0.100495 1
0.091591 1
0.575080 1
0.665579 1
0.403335 1
0.111549 1
0.544381 2
0.011402 65
0.001323 106
2.438555 1
0.111542 1
0.080469 1
0.132759 1
0.170831 1
0.080622 1
0.129898 1
0.122562 1
0.321920 1
0.181418 1
0.271088 2
0.024668 16
0.000807 162
0.000310 171
0.000933 106
6.476108 1
0.190598 1
0.121854 1
0.110641 1
0.392938 1
0.827763 1
0.151931 1
0.160950 1
0.100611 1
0.161917 1
0.174010 1
0.227691 1
0.133627 1
0.887806 4
0.312849 4
0.505995 4
0.040168 4
0.040279 4
0.040363 4
0.040045 4
0.040362 4
0.040067 4
0.041309 4
0.040186 4
0.040375 4
0.040032 4
0.040223 1
0.040227 1
0.039373 1
0.040187 1
0.040290 1
0.040199 1
0.040211 1
1.201913 1
0.150831 1
0.150904 1
0.130655 1
1.062157 1
0.271642 1
0.161937 1
3.198267 4
0.504856 4
0.041582 4
0.039872 4
0.040204 4
0.040245 4
0.040213 4
0.040089 1
0.039653 1
0.040947 1
0.040581 1
0.039952 1
0.040441 1
0.040185 1
0.040358 1
0.789343 1
0.120721 1
0.110788 1
1.218201 2
0.217619 42
0.000207 591
0.013609 106
12.657041 1
0.140567 1
0.494508 4
0.153067 4
0.130672 1
0.150923 1
0.160403 1
0.122277 1
0.180354 1
0.171185 1
0.222783 1
0.230793 1
0.638271 1
0.160802 1
0.120721 1
0.171370 2
0.009360 29
0.059604 106
4.341964 1
0.131715 1
0.050966 1
0.099813 1
0.242263 1
0.202422 1
0.222947 1
0.212300 1
0.554202 1
0.221642 1
0.125047 1
0.169271 1
0.150995 1
0.584216 4
0.171275 4
1.251738 1
0.040098 1
0.515096 1
0.768717 16
3.439914 1
0.483544 4
2.190668 2
0.015942 106
0.903387 1
0.110780 1
0.069578 1
0.111279 1
0.192165 1
0.211041 1
0.171150 1
0.151822 1
1.080271 1
0.648859 19
1.822600 2
0.017570 106
0.879490 1
0.141850 1
0.079869 1
0.091007 1
1.355080 1
0.202039 1
0.060605 1
0.173140 1
0.204716 1
0.096806 1
2.998712 1
0.192025 1
0.231376 1
0.323095 4
0.090946 1
0.230839 1
0.879202 1
0.272495 1
0.373265 1
0.112717 1
0.362093 1
0.312921 1
0.130796 1
0.120748 1
0.181263 1
0.869167 2
0.037097 26
0.001822 121
0.001118 106
1.222212 1
0.110503 1
0.080698 1
0.080696 1
1.343628 1
0.211466 1
0.181881 1
0.453722 1
0.536051 4
0.604644 1
0.221254 2
0.453014 56
3.587037 2
0.405929 31
0.000286 29
0.000933 87
0.009475 485
0.039541 40
0.100772 233
0.216599 75
0.000573 2
0.008483 106
80.165914 1
0.140798 1
0.081487 1
0.120710 1
1.231892 1
0.181917 1
0.373415 1
1.059795 1
0.181358 1
1.276976 1
0.221385 1
0.239514 5
0.107603 3
0.359408 3
0.744670 1
0.110778 1
0.111618 1
0.030273 1
0.201169 1
1.656686 1
0.524208 1
0.153017 1
0.306036 1
2.985279 3
0.242539 3
0.191216 3
0.161179 3
0.131827 3
0.151026 3
0.528319 1
0.273633 1
0.150990 1
0.140611 1
0.484228 1
0.167652 13
0.099499 3
0.167719 3
0.172033 3
0.161645 3
0.161696 3
1.278439 3
0.101684 3
0.474101 3
0.161672 3
1.466175 3
1.887840 1
0.645442 1
0.171276 1
0.201524 1
2.181147 1
3.726784 1
0.301977 1
1.365866 1
0.281928 1
0.114247 1
0.199088 1
0.233137 1
0.595994 1
0.496281 1
0.151011 1
0.140823 1
1.513437 2
0.059345 106
20.013582 45
0.261473 1
0.503712 1
0.043205 1
0.039910 1
0.040541 1
0.040397 1
0.039900 1
0.040548 1
0.041175 1
0.039992 1
0.040714 1
0.040290 1
0.039910 1
0.040613 1
0.041251 1
0.040163 1
0.039558 1
0.041010 1
0.040104 1
0.040577 1
0.040350 1
0.039855 1
0.040838 1
0.040286 1
0.039946 1
0.040446 1
0.041524 1
0.158490 2
0.000948 1
0.000164 1
0.040088 1
0.040299 1
0.041636 1
0.040989 1
0.040569 1
0.040043 1
0.040515 1
0.040494 1
0.424740 3
0.213265 3
0.813887 13
0.142959 13
0.767160 5
0.089759 5
0.182918 5
0.130959 5
0.365792 5
0.110589 5
0.211449 5
0.685828 5
0.162066 5
0.150949 5
0.142997 5
0.271074 5
0.161926 5
0.666531 5
0.141822 5
0.120938 5
0.123036 5
0.130723 5
1.686546 13
0.130652 13
0.142602 5
0.090002 5
0.181368 5
0.104425 5
0.107781 5
0.263055 5
0.213520 5
0.171486 233
0.594671 235
0