0.061077 106
6.979081 1
0.077420 1
0.118428 1
0.080689 1
0.135211 1
0.209921 1
0.322769 1
0.132803 1
0.173061 1
0.179397 2
0.296124 106
0.115042 56
9.631410 2
0.551671 21
0.006711 106
4.638919 1
0.120980 1
0.161275 1
0.090887 1
0.122010 1
27.089675 1
0.303591 1
0.355162 1
1.032670 1
0.120672 1
0.951056 2
0.040176 106
1.063756 1
0.100818 1
0.170517 2
0.010042 276
0.001071 106
1.652352 1
0.080512 1
0.211870 1
0.891986 1
0.426318 1
0.930493 1
0.293237 1
0.374879 4
0.121058 1
0.443932 2
0.000375 116
6.520903 1
0.131036 1
0.124280 1
0.191474 1
7.968333 1
0.354865 1
0.242364 1
0.171428 1
2.098528 1
1.693614 1
0.881898 1
0.484288 1
0.171669 1
0.636439 2
0.110820 17
0.068471 72
0.005863 55
0.005263 27
0.000942 18
0.001617 2029
0.000870 1560
3.119231 24
0.000386 25
1.031130 24
0.000378 25
0.211484 24
0.000489 24
0.688886 49
0.221853 48
5.619870 49
0.150877 48
1.590537 21
0.000885 98
1.142939 23
0.000597 24
1.406597 21
0.000547 22
0.231287 24
0.000603 24
1.163551 21
0.015927 84
0.471415 30
3.371866 29
0.181260 28
1.106052 29
0.090224 29
0.606693 29
0.221902 29
0.127290 29
0.077016 31
0.272030 30
0.224713 29
0.279994 40
1.056754 28
0.556715 29
0.151105 29
0.201727 28
1.824528 29
0.090667 29
0.070843 29
0.212343 29
0.141669 31
0.120654 30
0.183411 30
0.110830 29
0.162362 30
0.120468 30
0.193829 30
0.615894 30
0.110579 30
0.131472 30
0.152959 31
2.888011 17
0.000576 23
0.100762 17
0.000470 34
0.533345 49
0.000489 6
0.746737 1
0.101048 1
0.485089 1
0.000238 12
0.006041 22
0.000163 46
0.000156 56
2.747518 106
2.016100 49
0.000478 6
0.696290 1
0.153016 1
0.970427 1
0.423636 15
0.000123 6
0.030047 16
0.003216 62
0.003987 116
3.214058 1
0.100782 1
0.179886 2
0.009266 6
0.001949 116
5.253829 1
0.130629 1
0.145430 1
0.635012 1
0.111842 1
0.181900 1
0.252776 1
1.284979 4
0.444529 4
0.646476 2
0.000383 106
1.774341 1
0.141085 1
0.070454 1
0.142181 1
0.464158 1
0.193231 1
0.161720 1
0.173080 1
1.072586 1
0.372200 2
0.038607 106
1.035987 1
0.111292 1
0.080731 1
0.100830 1
0.325780 1
0.131023 1
0.231595 4
0.142485 4
0.141210 1
0.124721 1
0.097177 1
0.354895 1
0.183516 1
0.515397 1
0.586959 1
0.392988 1
0.619323 1
0.321951 2
0.016825 36
0.001085 106
1.909161 13
0.655778 1
2.531290 1
0.293077 1
0.222867 1
0.020522 1
0.546581 4
0.141195 4
0.100810 1
0.161472 1
0.678498 1
0.828466 2
0.081453 22
0.002010 158
0.001544 106
1.739077 1
0.141068 1
0.091702 1
0.100794 1
0.465958 1
0.265083 1
0.170963 1
0.145616 1
0.107435 1
0.503759 2
0.231885 56
4.798536 2
0.370801 31
0.000493 29
0.005048 284
0.001063 64
0.002042 72
0.003387 28
0.000575 28
0.000814 28
0.000599 28
0.001100 28
0.001166 28
0.000339 100
0.063863 80
0.000640 193
0.273474 77
0.025706 106
41.189002 1
0.141220 1
0.690814 4
0.141805 4
0.089921 1
0.152637 1
0.141157 1
0.963304 1
0.271737 1
0.303949 1
0.355033 1
0.180530 2
0.000391 116
1.011974 1
0.060695 1
0.110113 2
0.009113 6
0.001215 116
54.166379 2
0.829936 9
0.748132 16
0.468130 20
0.332582 9
0.336567 18
0.404929 18
0.334828 11
0.333234 15
0.678873 1
0.261158 1
0.324956 3
0.981375 3
0.758006 2
0.019640 17
0.039764 72
0.004094 44
0.001860 8
0.001836 31
0.000232 14
0.000326 2047
0.000760 1449
6.749143 23
0.100527 58
1.438152 23
0.101398 34
0.000483 24
1.123714 48
0.000674 6
0.829714 1
0.162493 1
0.698189 1
0.242152 1
0.000129 20
0.036883 16
0.002712 62
0.003095 116
4.747878 1
0.133326 1
0.150479 2
0.008762 6
0.000986 116
3.386589 1
0.124506 1
0.027043 1
0.120482 1
0.394901 1
0.253805 1
0.171901 1
0.110746 1
0.170683 2
0.010207 73
0.002277 116
1.529265 1
0.122496 1
0.039972 1
0.151336 1
0.182681 1
0.262629 1
0.171263 1
0.872217 1
0.464871 1
0.283598 2
0.014365 116
1.433539 1
0.143233 1
0.060837 1
0.130945 1
0.314983 1
0.114666 1
0.086988 1
0.161657 1
0.375157 1
0.070699 1
0.153395 1
1.003390 1
0.486030 1
0.252057 1
0.516728 1
0.324315 1
0.222415 1
0.193374 1
0.729926 1
0.725688 2
0.024670 16
0.001244 146
0.000313 429
0.001130 116
7.668452 19
0.333693 25
0.615285 2
0.012880 116
0.901148 9
1.578442 4
0.182652 4
0.151862 4
0.152051 4
0.141423 4
0.151236 4
0.100880 4
0.143634 4
0.141014 4
0.121150 1
0.213709 1
0.141567 1
0.050457 1
0.221729 1
0.20286