0.076737 126
50.564729 1
0.060829 1
0.304289 2
0.009238 76
0.001189 126
9.182407 1
0.071004 1
0.775870 1
0.136808 1
0.112528 1
0.152186 1
1.763256 1
1.186271 4
0.461391 1
1.608439 1
2.772802 1
1.132018 1
11.583775 2
0.010776 126
27.159488 1
0.111608 1
0.166348 1
3.257262 1
0.192806 1
0.167372 1
0.192784 1
0.451357 4
0.162248 4
0.157229 4
0.192750 4
0.248511 1
0.284054 1
0.503161 1
0.298212 1
0.212959 1
0.182616 1
2.188252 1
1.014565 4
0.101497 1
0.121655 1
0.370358 1
0.152312 1
0.966588 1
0.187670 1
0.610844 9
0.627831 3
0.202851 3
1.651690 1
3.286532 1
0.237555 1
0.304195 1
0.792313 1
0.777914 1
0.187617 1
0.395589 1
0.187879 11
0.683729 7
0.677541 3
0.187544 3
0.192730 3
0.778529 2
0.012230 126
22.443675 1
0.101448 1
0.147162 1
0.273641 2
0.009460 83
0.000953 126
6.239356 1
0.126946 1
0.746301 4
0.441287 1
0.543564 4
0.162262 4
1.155200 3
0.365032 20
0.480786 1
0.512195 1
0.040552 1
0.040601 1
0.045624 1
0.042611 1
0.040569 1
0.040566 1
0.419908 3
0.162302 3
0.289103 3
0.179719 15
0.162306 15
0.157424 15
0.141780 15
0.151998 15
0.162296 15
0.147618 15
0.171888 15
0.339763 15
0.746494 11
0.288071 11
0.503011 11
0.324506 11
0.881359 11
0.471381 11
0.162277 11
0.579243 15
0.131649 15
0.502104 11
0.162323 11
4.721948 2
0.011218 126
5.995569 1
0.081129 1
0.149119 1
0.592665 1
0.192574 1
0.390505 1
0.380459 1
1.037491 1
0.142029 1
0.297299 2
0.001163 43
0.000373 126
1.330167 7
0.228309 1
0.162264 1
0.152196 1
0.538842 11
0.157250 7
0.453465 2
0.000478 136
2.189460 1
0.101479 1
0.162309 2
0.008502 20
0.001258 136
1.898283 1
0.081197 1
0.096301 1
0.125647 1
0.117918 1
1.437372 1
0.091278 1
0.521448 4
0.142024 1
0.248552 1
0.192757 1
2.698503 2
0.010198 136
2.276774 9
0.202946 14
0.587343 9
0.344976 8
0.360262 22
0.808498 4
0.142058 4
0.152123 4
0.320574 4
0.861468 1
0.213991 1
0.253618 1
0.424037 1
0.176564 1
0.152201 1
0.152243 1
0.296595 13
0.162290 13
0.172463 13
0.220266 13
2.149763 9
0.142127 9
0.249432 9
0.143274 9
0.698665 2
0.012638 136
3.625393 1
0.121839 1
0.172328 2
0.009052 32
0.000988 136
2.784117 2
0.9193