0.062366 106
2.005975 60
4.792946 4
0.878200 126
0.846239 67
0.005760 126
0.155412 67
0.183052 118
0.436642 1
0.324857 59
0.263197 126
0.600940 22
0.944256 25
0.214945 67
0.507200 118
1.907843 1
0.456650 1
0.132998 1
0.234033 1
0.135909 1
0.625700 1
0.152666 1
0.195928 1
0.129952 1
0.426401 1
0.126645 1
0.158475 1
0.211242 2
0.010287 29
0.065376 106
279.392889 1
0.153409 1
0.091487 1
0.141876 1
0.213267 2
0.000092 6
0.011581 26
0.001273 106
1.269765 1
0.132251 1
0.215253 1
0.152235 1
0.208459 2
0.000239 6
