0.076737 126
50.564729 1
0.060829 1
0.304289 2
0.009238 76
0.001189 126
9.182407 1
0.071004 1
0.775870 1
0.136808 1
0.112528 1
0.152186 1
1.763256 1
1.186271 4
0.461391 1
1.608439 1
2.772802 1
1.132018 1
11.583775 2
0.010776 126
27.159488 1
0.111608 1
0.166348 1
3.257262 1
0.192806 1
0.167372 1
0.192784 1
0.451357 4
0.162248 4
0.157229 4
0.192750 4
0.248511 1
0.284054 1
0.503161 1
0.298212 1
0.212959 1
0.182616 1
2.188252 1
1.014565 4
0.101497 1
0.121655 1
0.370358 1
0.152312 1
0.966588 1
0.187670 1
0.610844 9
0.627831 3
0.202851 3
1.651690 1
3.286532 1
0.237555 1
0.304195 1
0.792313 1
0.777914 1
0.187617 1
0.395589 1
0.187879 11
0.683729 7
0.677541 3
0.187544 3
0.192730 3
0.778529 2
0.012230 126
22.443675 1
0.101448 1
0.147162 1
0.273641 2
0.009460 83
0.000953 126
6.239356 1
0.126946 1
0.746301 4
0.441287 1
0.543564 4
0.162262 4
1.155200 3
0.365032 20
0.480786 1
0.512195 1
0.040552 1
0.040601 1
0.045624 1
0.042611 1
0.040569 1
0.040566 1
0.419908 3
0.162302 3
0.289103 3
0.179719 15
0.162306 15
0.157424 15
0.141780 15
0.151998 15
0.162296 15
0.147618 15
0.171888 15
0.339763 15
0.746494 11
0.288071 11
0.503011 11
0.324506 11
0.881359 11
0.471381 11
0.162277 11
0.579243 15
0.131649 15
0.502104 11
0.162323 11
4.721948 2
0.011218 126
5.995569 1
0.081129 1
0.149119 1
0.592665 1
0.192574 1
0.390505 1
0.380459 1
1.037491 1
0.142029 1
0.297299 2
0.001163 43
0.000373 126
1.330167 7
0.228309 1
0.162264 1
0.152196 1
0.538842 11
0.157250 7
0.453465 2
0.000478 136
2.189460 1
0.101479 1
0.162309 2
0.008502 20
0.001258 136
1.898283 1
0.081197 1
0.096301 1
0.125647 1
0.117918 1
1.437372 1
0.091278 1
0.521448 4
0.142024 1
0.248552 1
0.192757 1
2.698503 2
0.010198 136
2.276774 9
0.202946 14
0.587343 9
0.344976 8
0.360262 22
0.808498 4
0.142058 4
0.152123 4
0.320574 4
0.861468 1
0.213991 1
0.253618 1
0.424037 1
0.176564 1
0.152201 1
0.152243 1
0.296595 13
0.162290 13
0.172463 13
0.220266 13
2.149763 9
0.142127 9
0.249432 9
0.143274 9
0.698665 2
0.012638 136
3.625393 1
0.121839 1
0.172328 2
0.009052 32
0.000988 136
2.784117 2
0.919322 4
0.182645 4
0.481909 1
2.583702 1
0.101450 1
0.712073 4
0.162171 4
0.318648 1
0.746492 1
0.142034 1
0.097394 1
0.263617 1
0.480751 1
0.644053 2
0.000527 144
1.314296 1
0.121760 1
0.197806 2
0.009545 9
0.001104 144
6.598862 1
0.494222 1
0.584128 1
0.522401 1
0.121800 1
0.162352 1
0.178559 1
0.141854 1
0.400713 2
0.000530 126
2.079140 1
0.131845 1
0.040573 1
0.182527 1
0.568093 1
0.542742 1
0.142057 1
0.131876 1
1.908273 1
0.755851 2
0.025143 126
1.840679 1
0.187674 1
0.091405 1
0.111518 1
0.482063 1
0.141972 1
0.111614 1
0.136949 1
0.131955 1
0.081165 1
0.101503 1
5.576518 2
0.025114 246
0.000325 75
0.001080 126
12.020497 11
5.423447 1
0.111728 1
0.233241 1
0.096415 1
0.826754 1
0.177538 1
0.081123 1
0.284065 1
0.421047 1
0.162277 1
0.135908 1
0.213111 1
0.452536 1
0.121796 1
1.837164 1
0.501167 1
0.142289 1
0.162028 1
0.076091 1
0.212984 1
0.162284 1
0.218253 1
0.081043 1
0.121816 1
1.156333 2
0.015406 83
0.001225 126
3.139706 35
0.559060 4
0.512346 4
0.040512 4
0.040531 4
0.040597 4
0.040502 4
0.040675 4
0.040549 4
0.040602 4
0.040807 4
0.040420 4
14.658637 4
0.148201 4
0.162266 4
0.512316 4
0.040667 4
0.040641 4
0.040520 4
0.040657 4
0.040561 4
0.040540 4
0.044694 4
0.142020 4
0.182624 4
0.208075 4
0.451524 2
0.016236 321
0.001057 126
11.235833 1
0.142013 1
0.060881 1
0.081115 1
0.451432 1
0.115547 1
0.092519 1
0.746800 1
0.111488 1
0.091544 1
0.146851 1
0.634025 1
0.152270 1
1.665916 1
0.182615 1
0.309314 1
0.153098 1
0.152178 1
0.142105 1
0.147104 1
0.142045 1
0.680949 5
0.106532 5
0.144942 3
0.192709 3
0.177621 3
0.144185 3
0.152020 3
0.162343 3
0.178611 3
0.223080 3
1.503679 1
0.081209 1
0.147017 1
0.284162 1
1.024603 1
0.167352 1
0.797398 1
0.511274 1
0.111712 1
0.086207 1
0.172513 1
0.329616 1
0.215090 1
0.399738 1
0.162265 1
0.892785 4
0.152160 4
0.142091 4
0.228286 4
0.842016 1
0.122757 1
0.142031 1
0.152287 1
0.099084 1
0.188942 1
0.142088 1
0.843136 1
0.192943 1
0.002661 1
0.167353 1
0.402198 4
0.146901 4
1.330178 1
0.101341 1
0.608723 1
0.263804 1
0.131811 3
0.248645 1
0.349868 1
0.355153 1
0.158224 1
0.182571 1
0.182654 1
0.137192 1
3.310298 1
0.340002 1
0.101567 1
0.121679 1
0.104978 1
0.224504 1
0.172435 1
0.187693 1
0.105322 1
0.107671 1
4.180778 2
0.011292 126
0.751514 55
1.838750 4
0.513294 4
0.044512 4
0.040630 4
0.040588 4
0.040541 4
0.040647 4
0.040633 4
0.040459 4
0.040614 4
0.040559 4
0.040617 4
0.040635 4
0.040547 4
0.040590 4
0.045659 4
0.041647 4
0.040536 263
0.000433 262
0.040140 4
0.040601 4
0.040654 4
0.040559 4
0.040586 4
0.040668 4
0.040487 4
2.249242 4
0.162384 4
0.162375 4
0.177552 4
0.223179 4
0.492045 1
0.081196 1
0.146115 1
0.041724 1
0.131666 1
0.274018 1
0.258714 1
0.081213 1
0.131828 1
0.189029 1
0.253514 1
0.217168 1
0.172379 3
0.172485 1
0.514422 1
0.116776 1
0.101406 1
0.213108 1
1.599036 2
0.012376 126
1.476012 43
1.284722 235
0.861374 338
0.753888 2
0.024573 51
0.074564 8
0.000093 54
0.000478 13
0.004142 29
0.000217 29
0.000101 34
0.000101 6
0.001025 105
0.000115 188
0.000268 177
0.000233 277
0.000206 261
6.294477 6
0.000108 30
0.001337 18
0.221725 6
0.000106 13
0.228321 6
0.000137 13
0.074657 6
0.000106 13
0.168522 6
0.000117 13
0.676596 6
0.000089 13
0.308292 6
0.000106 13
0.131773 6
0.000103 13
14.293388 6
0.000287 16
0.000163 27
0.701653 6
0.000254 14
0.000222 81
0.848114 6
0.000134 12
0.748956 6
0.000211 12
1.046751 6
0.000113 13
0.861467 6
0.000105 15
0.827071 6
0.000137 12
0.594135 6
0.000134 12
0.813496 6
0.000104 13
0.572214 6
0.000117 15
16.162654 6
0.000239 16
0.000104 27
0.633830 6
0.000229 14
0.000094 81
5.671446 6
0.000103 12
0.502635 6
0.000107 12
0.339665 6
0.000145 12
2.955216 32
0.001174 1784
0.003151 455
0.015079 32
0.001085 2253
0.011303 32
0.036368 2420
0.008728 68
0.002678 1159
0.002480 1190
0.009212 32
0.001290 2378
0.008665 32
0.001306 1977
0.002509 401
0.007830 68
0.003145 2342
0.010308 68
0.003816 2342
0.017416 68
0.001726 2342
0.024711 32
0.000785 1195
0.004706 1183
0.237600 32
0.035711 2409
0.010444 32
0.032980 2479
0.008852 32
0.035609 2494
0.010417 32
0.038933 2500
0.009030 32
0.035735 2456
0.010311 32
0.035267 2520
0.014340 2039
0.041543 460
1.093666 6
0.000160 12
0.278658 6
0.000132 12
0.233756 6
0.000102 12
0.451734 6
0.000118 12
0.298704 6
0.000329 12
0.676149 6
0.000128 13
1.045048 6
0.000093 13
0.106506 6
0.000099 13
0.294187 6
0.000441 43
0.552756 6
0.000460 41
0.166764 6
0.000114 15
0.172399 6
0.000141 15
0.202783 6
0.000127 15
0.463563 6
0.000329 43
0.450168 6
0.000452 40
1.848345 6
0.000139 46
0.000290 17
1.466814 6
0.000321 38
0.684608 6
0.000479 40
19.317183 6
0.000197 281
0.000303 140
6.422135 6
0.000230 409
14.392149 6
0.000136 45
0.000194 17
17.183442 6
0.000235 81
0.952767 6
0.000128 99
0.340808 6
0.000420 112
1.003901 6
0.000398 138
0.566684 6
0.000100 15
4.056276 6
0.000244 322
0.000405 140
4.703128 6
0.000094 44
0.000238 366
3.742898 6
0.000134 217
0.000390 140
2.680785 6
0.000288 44
0.000172 349
17.004494 6
0.000381 38
0.853137 6
0.000203 46
0.000205 17
4.366070 6
0.000100 15
0.409692 6
0.000093 15
0.880710 6
0.000100 12
0.657331 6
0.000098 16
21.954723 6
0.000151 281
0.000344 140
4.561977 6
0.000452 45
0.000190 30
0.000089 41
0.000105 365
4.139410 6
0.000548 25
0.000310 40
0.001157 4
0.023176 25
0.001840 179
0.000151 32
0.001032 126
17.597835 1
0.278006 1
0.060882 1
0.091476 1
0.238373 1
0.192829 1
0.142179 1
0.360227 4
0.162352 1
0.076152 1
0.542815 2
0.858526 108
0.644345 1
0.000139 55
6.157735 2
1.186359 83
0.000178 21
0.000390 83
0.000149 395
0.001367 126
6.605728 8
0.572403 2
0.450032 106
0.203849 1
0.000107 55
8.133742 2
0.731935 83
0.000236 21
0.001766 604
9.821958 1
0.100304 1
0.057606 1
0.091018 1
0.192604 1
0.208050 1
0.431378 1
0.142497 1
0.243120 2
0.471976 1
0.000110 55
4.995211 2
0.449268 82
0.000251 297
0.002985 116
0.262922 30
0.001602 30
0.001610 30
0.000096 64
0.019325 88
0.046991 51
0.017357 8
0.000184 54
0.000473 13
0.005195 97
0.000816 117
0.000163 12
0.000113 215
0.000270 157
0.000252 363
5.731108 6
0.000571 5
0.000117 60
0.001190 4
0.002943 41
0.030538 125
0.015307 126
1.982928 8
0.192831 4
0.470031 2
0.434823 106
0.264860 1
0.000137 55
4.659133 2
0.555593 32
0.000245 30
0.001186 180
0.000233 30
0.000228 30
0.000303 31
0.000180 62
0.000112 80
0.000325 32
0.000491 32
0.000149 32
0.000247 64
0.000102 64
0.000300 64
0.000481 40
0.001114 29
0.000353 29
0.000351 29
0.000328 29
0.000324 29
0.000327 29
0.000903 29
0.000400 29
0.000422 29
0.000206 30
0.000137 61
0.000404 40
0.073702 128
0.030281 120
0.221502 63
0.000210 14
0.003685 126
63.868729 1
0.315569 1
0.682017 1
0.131775 1
0.713506 2
0.000196 6
